9.999999999999999e-6 0e+0 0e+0 0e+0 0e+0 0e+0 0e+0 0e+0 0e+0 0e+0 0e+0 0e+0
1.9999999999999998e-5 6.279051952931336e-2 6.278424110520284e-2 6.279051952931336e-2 -6.278424110523496e-4 -3.942255117251374e-5 6.278424110522929e-6 6.27842411052293e-4 3.941860931159564e-9 6.278424110520284e-2 6.278424110520283e-4 3.9418609311562415e-5
2.9999999999999997e-5 1.2533323356430423e-1 1.2531442369782392e-1 1.2533323356430423e-1 -1.2531442369788804e-3 -1.5706061934303583e-4 1.8809866480312687e-5 1.2531442369789758e-3 2.3571475778147856e-8 1.2531442369782392e-1 1.2531442369782392e-3 1.5703704786717732e-4
3.9999999999999996e-5 1.8738131458572457e-1 1.8734377034221003e-1 1.8738131458572457e-1 -1.8734377034230589e-3 -3.5104721966187354e-4 3.754424351454233e-5 1.8734377034229646e-3 7.033680134663672e-8 1.8734377034221003e-1 1.8734377034221004e-3 3.5097688286034735e-4
4.9999999999999996e-5 2.486898871648547e-1 2.4862748017332284e-1 2.4868988716485474e-1 -2.486274801734501e-3 -6.183113999041746e-4 6.240699153187146e-5 2.4862748017329133e-3 1.5516093049765132e-7 2.4862748017332284e-1 2.4862748017332285e-3 6.181562389733604e-4
5.9999999999999995e-5 3.090169943749473e-1 3.0892369501391403e-1 3.0901699437494734e-1 -3.089236950140721e-3 -9.546267172445146e-4 9.329936103324998e-5 3.0892369501378534e-3 2.8822383352816766e-7 3.0892369501391403e-1 3.0892369501391405e-3 9.543384934104978e-4
7e-5 3.681245526846778e-1 3.6799445387825674e-1 3.6812455268467786e-1 -3.6799445387844503e-3 -1.354677937244449e-3 1.3009880642106397e-4 3.679944538781399e-3 4.787563921911728e-7 3.6799445387825674e-1 3.6799445387825677e-3 1.3541991808515644e-3
7.999999999999999e-5 4.257792915650726e-1 4.25606632095442e-1 4.257792915650726e-1 -4.256066320956597e-3 -1.812144902990865e-3 1.726594696306316e-4 4.256066320956766e-3 7.348501536891887e-7 4.25606632095442e-1 4.2560663209544195e-3 1.8114100528362489e-3
8.999999999999999e-5 4.8175367410171527e-1 4.8153286134594997e-1 4.817536741017152e-1 -4.815328613461963e-3 -2.319802251542419e-3 2.2081275576529835e-4 4.815328613466674e-3 1.0632859810550693e-6 4.8153286134594997e-1 4.8153286134595e-3 2.318738965560179e-3
9.999999999999999e-5 5.358267949789965e-1 5.355524269805332e-1 5.358267949789965e-1 -5.355524269808073e-3 -2.8696334049234905e-3 2.743679984633651e-4 5.355524269806677e-3 1.469384474628833e-6 5.355524269805332e-1 5.355524269805332e-3 2.868164020447393e-3
1.0999999999999999e-4 5.87785252292473e-1 5.874521390801016e-1 5.87785252292473e-1 -5.874521390804022e-3 -3.4529570377912714e-3 3.3311321237139424e-4 5.874521390802915e-3 1.95688069163483e-6 5.874521390801016e-1 5.874521390801016e-3 3.451000157097871e-3
1.1999999999999999e-4 6.374239897486897e-1 6.370271738189364e-1 6.374239897486896e-1 -6.370271738192623e-3 -4.060564027142062e-3 3.968159297533802e-4 6.370271738198596e-3 2.5278253025749573e-6 6.370271738189364e-1 6.370271738189364e-3 4.058036201837414e-3
1.3e-4 6.845471059286885e-1 6.84081881810754e-1 6.845471059286885e-1 -6.84081881811104e-3 -4.682862724120424e-3 4.652241179344818e-4 6.8408188181101615e-3 3.1825139006049044e-6 6.84081881810754e-1 6.84081881810754e-3 4.6796802102174245e-3
1.4e-4 7.289686274214116e-1 7.284305602474522e-1 7.289686274214114e-1 -7.284305602478249e-3 -5.310030256756667e-3 5.380671739593224e-4 7.2843056024840536e-3 3.9194457297846535e-6 7.284305602474522e-1 7.284305602474522e-3 5.306110811024172e-3
1.5e-4 7.705132427757891e-1 7.698981857832514e-1 7.705132427757891e-1 -7.6989818578364535e-3 -5.9321674773535355e-3 6.150569925377214e-4 7.698981857839904e-3 4.73531262708549e-6 7.698981857832514e-1 7.698981857832515e-3 5.92743216472342e-3
1.5999999999999999e-4 8.090169943749473e-1 8.083211052718824e-1 8.090169943749473e-1 -8.08321105272296e-3 -6.539455110772282e-3 6.958891030649506e-4 8.083211052722923e-3 5.62501848936405e-6 8.083211052718824e-1 8.083211052718824e-3 6.5338300922795755e-3
1.6999999999999999e-4 8.44327925502015e-1 8.435476816307869e-1 8.44327925502015e-1 -8.435476816312185e-3 -7.1223086409372095e-3 7.802438712281035e-4 8.43547681631529e-3 6.58172908681676e-6 8.435476816307869e-1 8.43547681630787e-3 7.115726911846754e-3
1.7999999999999998e-4 8.763066800438635e-1 8.75438892283407e-1 8.763066800438635e-1 -8.754388922838549e-3 -7.6715294927854226e-3 8.677877604564843e-4 8.754388922838086e-3 7.596951557514716e-6 8.75438892283407e-1 8.75438892283407e-3 7.663932541223987e-3
1.8999999999999998e-4 9.048270524660194e-1 9.038688778177811e-1 9.048270524660195e-1 -9.038688778182436e-3 -8.1784501253205e-3 9.581746482382192e-4 9.038688778173487e-3 8.66064244056112e-6 9.038688778177811e-1 9.038688778177812e-3 8.16978948287575e-3
1.9999999999999998e-4 9.297764858882513e-1 9.287254386961434e-1 9.297764858882513e-1 -9.287254386966187e-3 -8.635070747463667e-3 1.0510471921079123e-3 9.287254386969312e-3 9.761342645815987e-6 9.287254386961434e-1 9.287254386961435e-3 8.62530940481344e-3
2.0999999999999998e-4 9.510565162951535e-1 9.499104780552401e-1 9.510565162951535e-1 -9.49910478055726e-3 -9.034185500519426e-3 1.1460382399134383e-3 9.499104780552603e-3 1.0886337323457833e-5 9.499104780552401e-1 9.499104780552402e-3 9.023299163191348e-3
2.1999999999999998e-4 9.685831611286311e-1 9.673403888498326e-1 9.685831611286311e-1 -9.673403888503275e-3 -9.369496117200494e-3 1.2427722787984319e-3 9.673403888499355e-3 1.2021838194247955e-5 9.673403888498326e-1 9.673403888498326e-3 9.357474279001453e-3
2.2999999999999998e-4 9.822872507286887e-1 9.80946383811509e-1 9.822872507286886e-1 -9.809463838120107e-3 -9.63571126466949e-3 1.3408669171797172e-3 9.809463838128543e-3 1.3153185535817335e-5 9.80946383811509e-1 9.80946383811509e-3 9.622558079128764e-3
2.3999999999999998e-4 9.921147013144779e-1 9.90674766920606e-1 9.921147013144778e-1 -9.906747669211128e-3 -9.828630004837297e-3 1.4399343938719111e-3 9.906747669219396e-3 1.4265066700319399e-5 9.90674766920606e-1 9.906747669206059e-3 9.814364938131969e-3
2.5e-4 9.980267284282714e-1 9.964871453198676e-1 9.980267284282716e-1 -9.964871453203775e-3 -9.94520805564924e-3 1.5395831084038525e-3 9.964871453194135e-3 1.5341747766753442e-5 9.964871453198676e-1 9.964871453198677e-3 9.92986630787739e-3
2.6e-4 1e+0 9.983605808335128e-1 1e+0 -9.983605808340235e-3 -9.983605808340235e-3 1.6394191664872437e-3 9.983605808339124e-3 1.636731471284453e-5 9.983605808335128e-1 9.983605808335128e-3 9.96723849362229e-3
2.6999999999999995e-4 9.980267284282714e-1 9.962876804937348e-1 9.980267284282716e-1 -9.962876804942447e-3 -9.94321734337062e-3 1.7390479345366083e-3 9.96287680493646e-3 1.7325920329667436e-5 9.962876804937348e-1 9.962876804937348e-3 9.925891423035862e-3
2.8e-4 9.92114701314478e-1 9.902766257173695e-1 9.921147013144779e-1 -9.902766257178761e-3 -9.824679987427996e-3 1.8380755971084684e-3 9.902766257186002e-3 1.8202033001202753e-5 9.902766257173695e-1 9.902766257173696e-3 9.806477954421793e-3
2.9e-4 9.822872507286885e-1 9.803511400175784e-1 9.822872507286887e-1 -9.8035114001808e-3 -9.629864260770957e-3 1.9361107111101061e-3 9.803511400163778e-3 1.8980683428347126e-5 9.803511400175784e-1 9.803511400175784e-3 9.610883577337656e-3
3e-4 9.685831611286312e-1 9.665503953779833e-1 9.685831611286312e-1 -9.665503953784777e-3 -9.361844373458142e-3 2.0327657506479246e-3 9.665503953781851e-3 1.964770539999985e-5 9.665503953779833e-1 9.665503953779834e-3 9.342196668053358e-3
3.0999999999999995e-4 9.510565162951536e-1 9.489288576587398e-1 9.510565162951536e-1 -9.489288576592253e-3 -9.024849735773225e-3 2.127658636413843e-3 9.489288576591814e-3 2.0189966793408794e-5 9.489288576587398e-1 9.489288576587398e-3 9.004659768975208e-3
3.1999999999999997e-4 9.297764858882516e-1 9.275560716446732e-1 9.297764858882516e-1 -9.275560716451478e-3 -8.624198247585368e-3 2.220414243578328e-3 9.275560716448528e-3 2.0595587131977912e-5 9.275560716446732e-1 9.275560716446732e-3 8.603602660448982e-3
3.3e-4 9.048270524660197e-1 9.02516386583783e-1 9.048270524660197e-1 -9.025163865842447e-3 -8.166212418753049e-3 2.3106658822367176e-3 9.025163865838959e-3 2.0854138226389723e-5 9.02516386583783e-1 9.02516386583783e-3 8.145358280522484e-3
3.3999999999999997e-4 8.763066800438637e-1 8.73908623299297e-1 8.763066800438637e-1 -8.73908623299744e-3 -7.6581196434550225e-3 2.3980567445667234e-3 8.73908623300057e-3 2.0956824682397218e-5 8.73908623299297e-1 8.73908623299297e-3 7.637162818768726e-3
3.4999999999999994e-4 8.443279255020154e-1 8.418456841890297e-1 8.443279255020154e-1 -8.418456841894606e-3 -7.107938201245121e-3 2.482241312985689e-3 8.418456841896571e-3 2.08966413645427e-5 8.418456841890297e-1 8.418456841890297e-3 7.087041559876955e-3
3.5999999999999997e-4 8.090169943749477e-1 8.064541076511968e-1 8.090169943749477e-1 -8.064541076516095e-3 -6.524350782736357e-3 2.5628867237508235e-3 8.06454107651347e-3 2.066850525813955e-5 8.064541076511968e-1 8.064541076511968e-3 6.503682277474882e-3
3.7e-4 7.705132427757896e-1 7.678735686951691e-1 7.705132427757895e-1 -7.67873568695562e-3 -5.916567534574354e-3 2.639674080620491e-3 7.678735686966753e-3 2.026935956482172e-5 7.678735686951691e-1 7.678735686951691e-3 5.896298175006545e-3
3.7999999999999997e-4 7.289686274214119e-1 7.262563277080204e-1 7.289686274214118e-1 -7.26256327708392e-3 -5.294180783657015e-3 2.712299713391486e-3 7.26256327709951e-3 1.969824829496453e-5 7.262563277080204e-1 7.262563277080204e-3 5.274482535359395e-3
3.8999999999999994e-4 6.845471059286888e-1 6.817666295523421e-1 6.845471059286888e-1 -6.8176662955269085e-3 -4.66701373179051e-3 2.7804763763467077e-3 6.817666295522162e-3 1.8956360076514544e-5 6.817666295523421e-1 6.817666295523422e-3 4.648057371711606e-3
3.9999999999999996e-4 6.374239897486901e-1 6.345800553668067e-1 6.374239897486902e-1 -6.345800553671315e-3 -4.044965507070617e-3 2.8439343818833507e-3 6.345800553664294e-3 1.804704037514029e-5 6.345800553668067e-1 6.3458005536680675e-3 4.026918466693395e-3
4.1e-4 5.877852522924735e-1 5.848828296276274e-1 5.877852522924736e-1 -5.848828296279267e-3 -3.4378550157438672e-3 2.9024226648460827e-3 5.848828296273201e-3 1.6975771809896436e-5 5.848828296276274e-1 5.848828296276274e-3 3.420879243932202e-3
4.1999999999999996e-4 5.35826794978997e-1 5.328710852056303e-1 5.35826794978997e-1 -5.32871085205903e-3 -2.85526605722859e-3 2.955709773366677e-3 5.328710852059437e-3 1.5750122744877152e-5 5.328710852056303e-1 5.3287108520563035e-3 2.8395159344822615e-3
4.2999999999999994e-4 4.8175367410171566e-1 4.78750089319417e-1 4.817536741017156e-1 -4.787500893196619e-3 -2.3063961450627162e-3 3.003584782298674e-3 4.787500893199681e-3 1.437966482805587e-5 4.78750089319417e-1 4.78750089319417e-3 2.2920164802334975e-3
4.3999999999999996e-4 4.257792915650733e-1 4.227334334394307e-1 4.257792915650733e-1 -4.22733433439647e-3 -1.7999114181080397e-3 3.04585812564262e-3 4.227334334394595e-3 1.2875860632223812e-5 4.227334334394307e-1 4.2273343343943075e-3 1.787035557474896e-3
4.5e-4 3.6812455268467853e-1 3.650421903400019e-1 3.6812455268467853e-1 -3.6504219034018868e-3 -1.3438099303001722e-3 3.0823623446766257e-3 3.6504219034005914e-3 1.1251923017224758e-5 3.650421903400019e-1 3.650421903400019e-3 1.3325580072822618e-3
4.5999999999999996e-4 3.0901699437494795e-1 3.059040416261087e-1 3.0901699437494795e-1 -3.0590404162626522e-3 -9.452954751049744e-4 3.1129527488392705e-3 3.05904041626448e-3 9.52264827262094e-6 3.059040416261087e-1 3.059040416261087e-3 9.357728268318804e-4
4.6999999999999993e-4 2.486898871648552e-1 2.4555237917809813e-1 2.4868988716485524e-1 -2.4555237917822377e-3 -6.106639347089422e-4 3.1375079867570765e-3 2.4555237917806005e-3 7.704225508383656e-6 2.4555237917809813e-1 2.4555237917809813e-3 6.029597092002448e-4
4.7999999999999996e-4 1.8738131458572543e-1 1.842253840605623e-1 1.8738131458572543e-1 -1.8422538406065656e-3 -3.4520394645345975e-4 3.1559305251631364e-3 1.8422538406059896e-3 5.814025130667466e-6 1.842253840605623e-1 1.842253840605623e-3 3.3938992132261683e-4
4.9e-4 1.2533323356430498e-1 1.2216508653048878e-1 1.2533323356430498e-1 -1.221650865305513e-3 -1.5311345323537113e-4 3.168147033816196e-3 1.2216508653059566e-3 3.870369565278055e-6 1.2216508653048878e-1 1.2216508653048878e-3 1.4924308367001812e-4
5e-4 6.279051952931358e-2 5.961641085441194e-2 6.279051952931358e-2 -5.961641085444245e-4 -3.7433454100234505e-5 3.1741086749016434e-3 5.961641085447389e-4 1.8922896685968606e-6 5.961641085441194e-2 5.961641085441194e-4 3.554116443162046e-5
5.099999999999999e-4 1.221245327087672e-16 -3.173791295771944e-3 1.2246467991473532e-16 3.1737912957735674e-5 3.88677335153083e-21 3.173791295772066e-3 -3.173791295774109e-5 -1.0072951189125013e-7 -3.173791295771944e-3 -3.173791295771944e-5 1.0072951189117754e-7
5.2e-4 -6.279051952931247e-2 -6.595771505357917e-2 -6.279051952931246e-2 6.595771505361292e-4 -4.141519195182708e-5 3.167195524266697e-3 -6.59577150536883e-4 -2.0890097990889976e-6 -6.595771505357917e-2 -6.595771505357917e-4 4.350420175089144e-5
5.3e-4 -1.2533323356430343e-1 -1.2848758033053706e-1 -1.2533323356430343e-1 1.284875803306028e-3 -1.610376391568764e-4 3.1543467662336344e-3 -1.2848758033062735e-3 -4.052943835170987e-6 -1.2848758033053706e-1 -1.2848758033053706e-3 1.6509058299196214e-4
5.399999999999999e-4 -1.873813145857243e-1 -1.9051660969098885e-1 -1.8738131458572432e-1 1.9051660969108635e-3 -3.5699252774331106e-4 3.1352951052645572e-3 -1.9051660969077178e-3 -5.9732579383507484e-6 -1.9051660969098885e-1 -1.9051660969098886e-3 3.629657856814859e-4
5.499999999999999e-4 -2.486898871648537e-1 -2.518000022698913e-1 -2.486898871648537e-1 2.5180000227002014e-3 -6.262011415264122e-4 3.1101151050375864e-3 -2.5180000226970867e-3 -7.831269905075195e-6 -2.518000022698913e-1 -2.518000022698913e-3 6.340324114311726e-4
5.6e-4 -3.090169943749464e-1 -3.12095899889995e-1 -3.0901699437494645e-1 3.1209589989015466e-3 -9.644293694079977e-4 3.07890551504858e-3 -3.120958998900636e-3 -9.609137873955663e-6 -3.12095899889995e-1 -3.12095899889995e-3 9.740385072814577e-4
5.7e-4 -3.6812455268467753e-1 -3.711663415655695e-1 -3.681245526846775e-1 3.711663415657594e-3 -1.3663544346050338e-3 3.04178888089196e-3 -3.711663415661981e-3 -1.1290096507374087e-5 -3.711663415655695e-1 -3.711663415655695e-3 1.37764453111169e-3
5.8e-4 -4.2577929156507227e-1 -4.2877820262570165e-1 -4.2577929156507227e-1 4.2877820262592105e-3 -1.8256487935260969e-3 2.9989110606293834e-3 -4.2877820262576805e-3 -1.2858676944112027e-5 -4.2877820262570165e-1 -4.287782026257017e-3 1.8385074704692728e-3
5.899999999999999e-4 -4.81753674101715e-1 -4.847041147508693e-1 -4.81753674101715e-1 4.847041147511172e-3 -2.3350798813357e-3 2.9504406491542845e-3 -4.84704114750989e-3 -1.4300907229736607e-5 -4.847041147508693e-1 -4.847041147508693e-3 2.3493807885642385e-3
6e-4 -5.35826794978996e-1 -5.38723363291821e-1 -5.35826794978996e-1 5.3872336329209665e-3 -2.8866241313310944e-3 2.896568312825032e-3 -5.387233632925259e-3 -1.5604490234916584e-5 -5.38723363291821e-1 -5.38723363291821e-3 2.9022286215645136e-3
6.1e-4 -5.877852522924727e-1 -5.906227583294648e-1 -5.877852522924727e-1 5.906227583297669e-3 -3.4715934701453816e-3 2.8375060369920657e-3 -5.906227583296619e-3 -1.6758956423453217e-5 -5.906227583294648e-1 -5.906227583294648e-3 3.4883524265670535e-3
6.199999999999999e-4 -6.374239897486893e-1 -6.401974760380775e-1 -6.374239897486893e-1 6.40197476038405e-3 -4.08077229403441e-3 2.7734862893882273e-3 -6.401974760383844e-3 -1.7755789222934074e-5 -6.401974760380775e-1 -6.401974760380775e-3 4.098528083255249e-3
6.299999999999999e-4 -6.845471059286881e-1 -6.872518670313731e-1 -6.845471059286881e-1 6.872518670317247e-3 -4.704562766206547e-3 2.704761102685027e-3 -6.872518670320016e-3 -1.8588521176958204e-5 -6.872518670313731e-1 -6.872518670313731e-3 4.723151287381081e-3
6.399999999999999e-4 -7.28968627421411e-1 -7.316002285012458e-1 -7.28968627421411e-1 7.316002285016202e-3 -5.333136143920167e-3 2.6316010798348444e-3 -7.316002285018275e-3 -1.9252799513328282e-5 -7.316002285012458e-1 -7.316002285012458e-3 5.3523889434307515e-3
6.5e-4 -7.705132427757889e-1 -7.730675371019134e-1 -7.705132427757888e-1 7.730675371023089e-3 -5.956587748973925e-3 2.5542943261245288e-3 -7.730675371031559e-3 -1.9746420237336547e-5 -7.730675371019134e-1 -7.730675371019135e-3 5.976334169208184e-3
6.6e-4 -8.090169943749468e-1 -8.114901396871026e-1 -8.090169943749468e-1 8.114901396875178e-3 -6.565093137749014e-3 2.473145312155811e-3 -8.114901396871793e-3 -2.0069330348280117e-5 -8.114901396871026e-1 -8.114901396871026e-3 6.585162468093933e-3
6.699999999999999e-4 -8.443279255020149e-1 -8.467163991742532e-1 -8.443279255020149e-1 8.467163991746863e-3 -7.149063008036988e-3 2.388473672238378e-3 -8.467163991743298e-3 -2.022359827280368e-5 -8.467163991742532e-1 -8.467163991742533e-3 7.169286606306134e-3
6.799999999999999e-4 -8.763066800438633e-1 -8.786072929868028e-1 -8.763066800438631e-1 8.786072929872523e-3 -7.699294399799848e-3 2.300612942939595e-3 -8.786072929878319e-3 -2.021335310008927e-5 -8.786072929868028e-1 -8.786072929868029e-3 7.719507752895976e-3
6.9e-4 -9.04827052466019e-1 -9.070369617127872e-1 -9.04827052466019e-1 9.070369617132513e-3 -8.207115805447345e-3 2.209909246768227e-3 -9.070369617136809e-3 -2.0044693688516215e-5 -9.070369617127872e-1 -9.070369617127873e-3 8.227160499131643e-3
6.999999999999999e-4 -9.297764858882512e-1 -9.318932058144379e-1 -9.297764858882511e-1 9.318932058149147e-3 -8.664523901257281e-3 2.116719926186672e-3 -9.318932058155482e-3 -1.9725569178277486e-5 -9.318932058144379e-1 -9.318932058144378e-3 8.684249470431104e-3
7.099999999999999e-4 -9.510565162951532e-1 -9.530779284284969e-1 -9.510565162951532e-1 9.530779284289847e-3 -9.064309743694715e-3 2.021412133343725e-3 -9.530779284294688e-3 -1.9265632885494306e-5 -9.530779284284969e-1 -9.53077928428497e-3 9.083575376575552e-3
7.199999999999999e-4 -9.685831611286307e-1 -9.705075225097235e-1 -9.685831611286307e-1 9.705075225102201e-3 -9.400172440520648e-3 1.924361381092754e-3 -9.705075225097115e-3 -1.8676071963776954e-5 -9.705075225097235e-1 -9.705075225097235e-3 9.418848512479615e-3
7.3e-4 -9.822872507286884e-1 -9.841132007897022e-1 -9.822872507286885e-1 9.841132007902058e-3 -9.66681850410021e-3 1.8259500610138257e-3 -9.841132007892828e-3 -1.7969415590257022e-5 -9.841132007897022e-1 -9.841132007897022e-3 9.684787919685528e-3
7.4e-4 -9.921147013144779e-1 -9.938412672487666e-1 -9.921147013144778e-1 9.938412672492751e-3 -9.860045320110167e-3 1.7265659342887707e-3 -9.938412672505503e-3 -1.7159324761251823e-5 -9.938412672487666e-1 -9.938412672487667e-3 9.877204644866345e-3
7.499999999999999e-4 -9.980267284282714e-1 -9.996533290296573e-1 -9.980267284282716e-1 9.996533290301689e-3 -9.9768074153441e-3 1.6266006013858636e-3 -9.99653329029071e-3 -1.6260367061760676e-5 -9.996533290296573e-1 -9.996533290296573e-3 9.993067782400764e-3
7.599999999999999e-4 -1e+0 -1.0015264479565902e+0 -1e+0 1.0015264479571026e-2 -1.0015264479571026e-2 1.5264479565901823e-3 -1.0015264479568131e-2 -1.528777999954701e-5 -1.0015264479565902e+0 -1.0015264479565902e-2 1.0030552259565445e-2
7.7e-4 -9.980267284282714e-1 -9.994532310617555e-1 -9.980267284282716e-1 9.994532310622669e-3 -9.974810384141396e-3 1.4265026334840947e-3 -9.994532310608761e-3 -1.4257226661525272e-5 -9.994532310617555e-1 -9.994532310617556e-3 9.98906761079783e-3
7.799999999999999e-4 -9.92114701314478e-1 -9.934418597619858e-1 -9.92114701314478e-1 9.934418597624941e-3 -9.856082739715664e-3 1.327158447507859e-3 -9.934418597623562e-3 -1.3184547562915289e-5 -9.934418597619858e-1 -9.934418597619859e-3 9.869267287273532e-3
7.899999999999999e-4 -9.822872507286889e-1 -9.835160575704397e-1 -9.822872507286889e-1 9.835160575709429e-3 -9.660952842388805e-3 1.2288068417507514e-3 -9.83516057571078e-3 -1.2085512605150666e-5 -9.835160575704397e-1 -9.835160575704396e-3 9.673038354989004e-3
7.999999999999999e-4 -9.685831611286312e-1 -9.697149964707349e-1 -9.685831611286313e-1 9.69714996471231e-3 -9.392496166759445e-3 1.1318353421037042e-3 -9.697149964704721e-3 -1.0975577047732491e-5 -9.697149964707349e-1 -9.697149964707349e-3 9.403471743802374e-3
8.1e-4 -9.510565162951538e-1 -9.520931423230252e-1 -9.510565162951539e-1 9.520931423235124e-3 -9.054943871267058e-3 1.0366260278714678e-3 -9.520931423223633e-3 -9.869645322892955e-6 -9.520931423230252e-1 -9.520931423230253e-3 9.064813516585325e-3
8.2e-4 -9.297764858882516e-1 -9.307200399121318e-1 -9.297764858882516e-1 9.30720039912608e-3 -8.653616080557178e-3 9.435540238802442e-4 -9.307200399122362e-3 -8.78184638765172e-6 -9.307200399121318e-1 -9.30720039912132e-3 8.662397926940403e-3
8.299999999999999e-4 -9.048270524660198e-1 -9.056800384860515e-1 -9.048270524660199e-1 9.056800384865149e-3 -8.194837997010648e-3 8.529860200316985e-4 -9.056800384854569e-3 -7.725324114498654e-6 -9.056800384860515e-1 -9.056800384860515e-3 8.202563321120957e-3
8.399999999999999e-4 -8.763066800438644e-1 -8.770719588680091e-1 -8.763066800438643e-1 8.77071958868458e-3 -7.685840164355871e-3 7.652788241447883e-4 -8.770719588691023e-3 -6.712045973737127e-6 -8.770719588680091e-1 -8.770719588680092e-3 7.692552210325668e-3
8.5e-4 -8.443279255020154e-1 -8.450087034558147e-1 -8.443279255020155e-1 8.450087034562471e-3 -7.1346444562036095e-3 6.807779537992831e-4 -8.450087034550524e-3 -5.752632960807158e-6 -8.450087034558147e-1 -8.450087034558146e-3 7.14039708916077e-3
8.599999999999999e-4 -8.090169943749481e-1 -8.096168106476825e-1 -8.090169943749481e-1 8.096168106480967e-3 -6.549937587459547e-3 5.998162727344214e-4 -8.096168106486175e-3 -4.856213377063836e-6 -8.096168106476825e-1 -8.096168106476825e-3 6.554793800833254e-3
8.699999999999999e-4 -7.705132427757901e-1 -7.710359554529792e-1 -7.705132427757901e-1 7.7103595545337375e-3 -5.940934143331087e-3 5.227126771890633e-4 -7.710359554535806e-3 -4.030302684841685e-6 -7.710359554529792e-1 -7.710359554529792e-3 5.944964446012885e-3
8.799999999999999e-4 -7.289686274214121e-1 -7.294183982587753e-1 -7.289686274214121e-1 7.294183982591485e-3 -5.317231285948964e-3 4.497708373631948e-4 -7.294183982586855e-3 -3.2807112377292926e-6 -7.294183982587753e-1 -7.2941839825877534e-3 5.320511997183973e-3
8.9e-4 -6.845471059286895e-1 -6.8492838392766e-1 -6.845471059286896e-1 6.849283839280105e-3 -4.68865742986334e-3 3.812779989704751e-4 -6.849283839271969e-3 -2.6114812366184294e-6 -6.8492838392766e-1 -6.8492838392766e-3 4.6912689110975596e-3
9e-4 -6.374239897486902e-1 -6.377414935983009e-1 -6.374239897486903e-1 6.377414935986272e-3 -4.0651172727792576e-3 3.175038496107119e-4 -6.377414935976322e-3 -2.0248537927373337e-6 -6.377414935983009e-1 -6.3774149359830095e-3 4.067142126569917e-3
9.099999999999999e-4 -5.87785252292474e-1 -5.8804395174691e-1 -5.87785252292474e-1 5.880439517472109e-3 -3.4564356253679778e-3 2.586994544360177e-4 -5.880439517469419e-3 -1.521266495013338e-6 -5.8804395174691e-1 -5.880439517469101e-3 3.4579568918612228e-3
9.199999999999999e-4 -5.358267949789978e-1 -5.360318912443094e-1 -5.358267949789979e-1 5.360318912445837e-3 -2.8722025029211604e-3 2.0509626531162173e-4 -5.360318912439599e-3 -1.0993813898206156e-6 -5.360318912443094e-1 -5.360318912443094e-3 2.8733018843095114e-3
9.299999999999999e-4 -4.817536741017161e-1 -4.819105793090968e-1 -4.817536741017161e-1 4.8191057930934336e-3 -2.3216219217076263e-3 1.5690520738070868e-4 -4.819105793091305e-3 -7.561427938545658e-7 -4.819105793090968e-1 -4.8191057930909685e-3 2.322378064500293e-3
9.399999999999999e-4 -4.257792915650738e-1 -4.2589360741171334e-1 -4.257792915650738e-1 4.258936074119312e-3 -1.8133667844594573e-3 1.1431584663951222e-4 -4.2589360741196475e-3 -4.868638830965479e-7 -4.2589360741171334e-1 -4.258936074117133e-3 1.8138536483416259e-3
9.499999999999999e-4 -3.6812455268467953e-1 -3.6820204832648634e-1 -3.681245526846795e-1 3.682020483266747e-3 -1.3554421433783987e-3 7.74956418068129e-5 -3.682020483269933e-3 -2.8534054049683484e-7 -3.6820204832648634e-1 -3.6820204832648633e-3 1.3557274839182019e-3
9.599999999999999e-4 -3.090169943749485e-1 -3.090635836583895e-1 -3.090169943749485e-1 3.090635836585476e-3 -9.550589969291482e-4 4.658928344097868e-5 -3.090635836583422e-3 -1.439905090034313e-7 -3.090635836583895e-1 -3.090635836583895e-3 9.552029874376633e-4
9.699999999999999e-4 -2.486898871648562e-1 -2.487116052877684e-1 -2.486898871648562e-1 2.4871160528789566e-3 -6.185206105563702e-4 2.1718122912184334e-5 -2.487116052879435e-3 -5.401549213330232e-8 -2.487116052877684e-1 -2.487116052877684e-3 6.185746260481871e-4
9.8e-4 -1.8738131458572554e-1 -1.8738429427920983e-1 -1.8738131458572557e-1 1.8738429427930569e-3 -3.5112315394774757e-4 2.9796934842840628e-6 -1.8738429427900276e-3 -5.583477607203119e-9 -1.8738429427920983e-1 -1.8738429427920984e-3 3.511287374251751e-4
9.9e-4 -1.2533323356430462e-1 -1.2532368088969995e-1 -1.2533323356430465e-1 1.2532368088976407e-3 -1.5707222168095182e-4 -9.552674604673683e-6 -1.2532368088957748e-3 1.1971763437980954e-8 -1.2532368088969995e-1 -1.2532368088969995e-3 1.5706024991743345e-4
1e-3 -6.279051952931415e-2 -6.27746893857709e-2 -6.279051952931415e-2 6.277468938580302e-4 -3.9416553598258947e-5 -1.583014354325507e-5 -6.277468938581389e-4 9.937323438606844e-9 -6.27746893857709e-2 -6.27746893857709e-4 3.9406616274800175e-5
1.0099999999999998e-3 -2.449299443818553e-16 1.5828560686941447e-5 -2.4492935982947064e-16 -1.5828560686949546e-7 3.8768792360764783e-23 -1.582856068718638e-5 1.5828560686920352e-7 -2.505433334237313e-12 1.5828560686941447e-5 1.5828560686941446e-7 2.5054333342018827e-12
1.0199999999999999e-3 6.279051952931189e-2 6.280006808319075e-2 6.279051952931189e-2 -6.280006808322289e-4 -3.9432489014217233e-5 -9.548553878857557e-6 6.280006808328822e-4 -5.996498336892004e-9 6.280006808319075e-2 6.280006808319074e-4 3.943848551253393e-5
1.0299999999999999e-3 1.253332335643024e-1 1.2533024909327192e-1 1.253332335643024e-1 -1.2533024909333603e-3 -1.5708045382287284e-4 2.9844710304760547e-6 1.2533024909333614e-3 3.740444976614096e-9 1.2533024909327192e-1 1.2533024909327191e-3 1.5707671337781586e-4
1.04e-3 1.8738131458572335e-1 1.873595941552773e-1 1.8738131458572332e-1 -1.873595941553732e-3 -3.5107687053081434e-4 2.172043044604277e-5 1.873595941556672e-3 4.069531033256971e-8 1.873595941552773e-1 1.873595941552773e-3 3.5103617522030223e-4
1.05e-3 2.4868988716485316e-1 2.4864330240416668e-1 2.4868988716485316e-1 -2.4864330240429388e-3 -6.183507481922031e-4 4.6584760686474436e-5 2.486433024043167e-3 1.1582988738799787e-7 2.4864330240416668e-1 2.486433024041667e-3 6.182349183044988e-4
1.06e-3 3.0901699437494634e-1 3.0893951566269356e-1 3.0901699437494634e-1 -3.0893951566285166e-3 -9.546756057378608e-4 7.747871225277647e-5 3.0893951566302036e-3 2.3936235837567285e-7 3.0893951566269356e-1 3.089395156626936e-3 9.544362433789969e-4
1.07e-3 3.6812455268467736e-1 3.6801027294513006e-1 3.6812455268467736e-1 -3.6801027294531834e-3 -1.3547361711136133e-3 1.1427973954730719e-4 3.680102729453073e-3 4.2056118142923146e-7 3.6801027294513006e-1 3.6801027294513008e-3 1.3543156099314914e-3
1.0799999999999998e-3 4.2577929156507177e-1 4.256224495805664e-1 4.2577929156507177e-1 -4.256224495807841e-3 -1.8122122505669675e-3 1.5684198450538478e-4 4.256224495807761e-3 6.675546964229199e-7 4.256224495805664e-1 4.256224495805664e-3 1.8115446958696178e-3
1.0899999999999998e-3 4.817536741017133e-1 4.8154867724948297e-1 4.817536741017133e-1 -4.8154867724972935e-3 -2.3198784452387725e-3 2.049968522303547e-4 4.815486772496991e-3 9.871596303187933e-7 4.8154867724948297e-1 4.81548677249483e-3 2.3188912856072674e-3
1.0999999999999998e-3 5.358267949789951e-1 5.355682413026345e-1 5.358267949789952e-1 -5.355682413029085e-3 -2.869718142298746e-3 2.5855367636062887e-4 5.355682413027418e-3 1.384731377308203e-6 5.355682413026345e-1 5.3556824130263445e-3 2.868333410919969e-3
1.1099999999999999e-3 5.877852522924715e-1 5.874679518209287e-1 5.877852522924715e-1 -5.874679518212293e-3 -3.4530499827498274e-3 3.1730047154276964e-4 5.87467951821408e-3 1.8640385812919783e-6 5.874679518209287e-1 5.874679518209287e-3 3.4511859441667702e-3
1.12e-3 6.374239897486885e-1 6.370429849786479e-1 6.374239897486885e-1 -6.370429849789738e-3 -4.060664811267114e-3 3.8100477004066047e-4 6.370429849789083e-3 2.427164159979049e-6 6.370429849786479e-1 6.3704298497864785e-3 4.058237647105058e-3
1.13e-3 6.84547105928688e-1 6.840976913895083e-1 6.84547105928688e-1 -6.840976913898583e-3 -4.682970948134242e-3 4.494145391796822e-4 6.840976913902175e-3 3.0744344873001906e-6 6.840976913895083e-1 6.840976913895083e-3 4.679896513644549e-3
1.14e-3 7.289686274214106e-1 7.284463682454063e-1 7.289686274214106e-1 -7.2844636824577905e-3 -5.31014549210237e-3 5.222591760042361e-4 7.284463682455389e-3 3.804378000431935e-6 7.284463682454063e-1 7.2844636824540634e-3 5.306341114099221e-3
1.15e-3 7.705132427757887e-1 7.699139922005643e-1 7.705132427757887e-1 -7.699139922009583e-3 -5.932289267892137e-3 5.992505752243638e-4 7.699139922012765e-3 4.613714026999013e-6 7.699139922005643e-1 7.6991399220056435e-3 5.927675553862107e-3
1.16e-3 8.090169943749468e-1 8.083369101087116e-1 8.090169943749468e-1 -8.083369101091252e-3 -6.53958297458816e-3 6.800842662352258e-4 8.083369101086209e-3 5.497372143820711e-6 8.083369101087116e-1 8.083369101087116e-3 6.534085602440992e-3
1.1699999999999998e-3 8.443279255020147e-1 8.435634848872907e-1 8.443279255020147e-1 -8.435634848877223e-3 -7.122442072245007e-3 7.644406147240268e-4 8.435634848880103e-3 6.4485418894653285e-6 8.435634848872907e-1 8.435634848872907e-3 7.115993530351903e-3
1.1799999999999998e-3 8.763066800438627e-1 8.754546939597426e-1 8.763066800438627e-1 -8.754546939601905e-3 -7.671667963930704e-3 8.51986084120071e-4 8.754546939604424e-3 7.458752165318925e-6 8.754546939597426e-1 8.754546939597426e-3 7.664209211761466e-3
1.1899999999999999e-3 9.04827052466019e-1 9.038846779141074e-1 9.048270524660189e-1 -9.038846779145699e-3 -8.178593088866372e-3 9.423745519115956e-4 9.038846779152454e-3 8.517979183301363e-6 9.038846779141074e-1 9.038846779141074e-3 8.170075109678897e-3
1.2e-3 9.297764858882509e-1 9.287412372126179e-1 9.297764858882508e-1 -9.28741237213093e-3 -8.63521763835496e-3 1.0352486756329826e-3 9.287412372138704e-3 9.61478135831397e-6 9.287412372126179e-1 9.287412372126179e-3 8.625602856992242e-3
1.21e-3 9.510565162951532e-1 9.49926274992021e-1 9.510565162951532e-1 -9.49926274992507e-3 -9.034335738316053e-3 1.1302413031322178e-3 9.49926274992352e-3 1.0736459109268894e-5 9.49926274992021e-1 9.49926274992021e-3 9.023599279202167e-3
1.22e-3 9.685831611286307e-1 9.673561842070778e-1 9.685831611286307e-1 -9.673561842075726e-3 -9.369649108371007e-3 1.2269769215529358e-3 9.673561842071798e-3 1.1869237129437203e-5 9.673561842070778e-1 9.673561842070778e-3 9.357779871236779e-3
1.23e-3 9.822872507286884e-1 9.809621775893765e-1 9.822872507286885e-1 -9.809621775898784e-3 -9.63586640493589e-3 1.3250731393118498e-3 9.809621775891411e-3 1.2998466322042316e-5 9.809621775893765e-1 9.809621775893765e-3 9.622867938608915e-3
1.2399999999999998e-3 9.921147013144777e-1 9.906905591192539e-1 9.921147013144777e-1 -9.906905591197607e-3 -9.828786681561742e-3 1.4241421952237987e-3 9.906905591194892e-3 1.410884227651922e-5 9.906905591192539e-1 9.906905591192538e-3 9.814677839280198e-3
1.2499999999999998e-3 9.980267284282714e-1 9.965029359394536e-1 9.980267284282714e-1 -9.965029359399635e-3 -9.945365650253292e-3 1.5237924888178433e-3 9.965029359404465e-3 1.5184636888709808e-5 9.965029359394536e-1 9.965029359394537e-3 9.93018101335951e-3
1.2599999999999998e-3 9.999999999999999e-1 9.983763698741946e-1 1e+0 -9.983763698747055e-3 -9.983763698747055e-3 1.6236301258052421e-3 9.983763698739878e-3 1.6209939510194838e-5 9.983763698741946e-1 9.983763698741946e-3 9.967553759231747e-3
1.2699999999999999e-3 9.980267284282717e-1 9.963034679556708e-1 9.980267284282717e-1 -9.963034679561807e-3 -9.943374906460484e-3 1.7232604726008516e-3 9.963034679560945e-3 1.716890385043887e-5 9.963034679556708e-1 9.963034679556709e-3 9.926206002604965e-3
1.2799999999999999e-3 9.92114701314478e-1 9.902924116007171e-1 9.921147013144781e-1 -9.902924116012238e-3 -9.824836601497425e-3 1.8222897137608607e-3 9.90292411600091e-3 1.8045996752742824e-5 9.902924116007171e-1 9.902924116007171e-3 9.806790604739641e-3
1.29e-3 9.822872507286889e-1 9.803669243224958e-1 9.822872507286889e-1 -9.803669243229974e-3 -9.630019307985778e-3 1.920326406193107e-3 9.803669243224622e-3 1.8826244925347435e-5 9.803669243224958e-1 9.803669243224959e-3 9.611193063055502e-3
1.3e-3 9.685831611286315e-1 9.665661781046279e-1 9.685831611286315e-1 -9.665661781051224e-3 -9.361997242290794e-3 2.01698302400366e-3 9.665661781055324e-3 1.949547572814957e-5 9.665661781046279e-1 9.665661781046279e-3 9.342501766557872e-3
1.31e-3 9.510565162951542e-1 9.489446388072698e-1 9.510565162951542e-1 -9.489446388077553e-3 -9.024999823414672e-3 2.1118774878844393e-3 9.489446388077916e-3 2.0040548199468053e-5 9.489446388072698e-1 9.489446388072698e-3 9.004959275210597e-3
1.32e-3 9.297764858882518e-1 9.275718512152457e-1 9.297764858882517e-1 -9.275718512157203e-3 -8.624344962322126e-3 2.204634673006134e-3 9.275718512169462e-3 2.0449570648973665e-5 9.275718512152457e-1 9.275718512152456e-3 8.603895391668778e-3
1.3299999999999998e-3 9.048270524660199e-1 9.025321645765562e-1 9.0482705246602e-1 -9.02532164577018e-3 -8.1663551823e-3 2.294887889463748e-3 9.02532164576142e-3 2.0712101343372907e-5 9.025321645765562e-1 9.025321645765562e-3 8.145643080952438e-3
1.3399999999999998e-3 8.763066800438643e-1 8.73924399714429e-1 8.763066800438643e-1 -8.739243997148762e-3 -7.658257893234701e-3 2.3822803294352157e-3 8.739243997146762e-3 2.081932906853752e-5 8.73924399714429e-1 8.73924399714429e-3 7.637438564162251e-3
1.3499999999999999e-3 8.443279255020162e-1 8.418614590266782e-1 8.443279255020161e-1 -8.418614590271089e-3 -7.1080713926045935e-3 2.4664664753379917e-3 8.418614590277596e-3 2.076423065571097e-5 8.418614590266782e-1 8.418614590266783e-3 7.087307161945274e-3
1.3599999999999999e-3 8.090169943749487e-1 8.064698809115195e-1 8.090169943749487e-1 -8.064698809119322e-3 -6.524478391092942e-3 2.5471134634291737e-3 8.064698809118226e-3 2.0541702915206257e-5 8.064698809115195e-1 8.064698809115195e-3 6.503936688174405e-3
1.37e-3 7.705132427757909e-1 7.678893403783238e-1 7.705132427757908e-1 -7.678893403787166e-3 -5.916689057481679e-3 2.623902397467126e-3 7.6788934037952394e-3 2.0148666812112828e-5 7.678893403783238e-1 7.678893403783238e-3 5.896540390666572e-3
1.38e-3 7.289686274214123e-1 7.262720978141637e-1 7.289686274214122e-1 -7.262720978145352e-3 -5.294295742783314e-3 2.6965296072486433e-3 7.262720978151727e-3 1.9584142146771957e-5 7.262720978141637e-1 7.262720978141637e-3 5.274711600633862e-3
1.39e-3 6.845471059286897e-1 6.817823980816329e-1 6.845471059286897e-1 -6.8178239808198175e-3 -4.667121674801425e-3 2.7647078470568465e-3 6.8178239808203145e-3 1.884929145962627e-5 6.817823980816329e-1 6.817823980816329e-3 4.648272383339421e-3
1.3999999999999998e-3 6.374239897486911e-1 6.345958223194023e-1 6.374239897486911e-1 -6.345958223197269e-3 -4.045066009408918e-3 2.8281674292888193e-3 6.345958223197279e-3 1.794743235447409e-5 6.345958223194023e-1 6.345958223194023e-3 4.027118577052384e-3
1.4099999999999998e-3 5.877852522924748e-1 5.848985950036856e-1 5.877852522924748e-1 -5.848985950039849e-3 -3.437947682299313e-3 2.8866572887892294e-3 5.848985950041019e-3 1.6884017924711702e-5 5.848985950036856e-1 5.848985950036856e-3 3.421063664372854e-3
1.4199999999999998e-3 5.358267949789988e-1 5.32886849005309e-1 5.358267949789988e-1 -5.328868490055816e-3 -2.8553505238911843e-3 2.9399459736897393e-3 5.328868490050986e-3 1.5666585461647517e-5 5.32886849005309e-1 5.328868490053091e-3 2.8396839384280705e-3
1.4299999999999998e-3 4.817536741017177e-1 4.787658515428737e-1 4.8175367410171777e-1 -4.7876585154311875e-3 -2.30647208015335e-3 2.987822558844e-3 4.787658515426063e-3 1.4304674116431566e-5 4.787658515428737e-1 4.787658515428737e-3 2.29216740603573e-3
1.4399999999999999e-3 4.2577929156507394e-1 4.227491940868212e-1 4.2577929156507394e-1 -4.227491940870375e-3 -1.7999785236808479e-3 3.0300974782527246e-3 4.227491940872463e-3 1.2809712669371368e-5 4.227491940868212e-1 4.227491940868212e-3 1.7871688110105684e-3
1.45e-3 3.681245526846796e-1 3.6505794941148567e-1 3.681245526846796e-1 -3.6505794941167247e-3 -1.3438679433115833e-3 3.066603273193913e-3 3.650579494118844e-3 1.1194879025719426e-5 3.6505794941148567e-1 3.650579494114857e-3 1.3326730642851884e-3
1.46e-3 3.0901699437494945e-1 3.0591979912184336e-1 3.0901699437494945e-1 -3.059197991219999e-3 -9.453441684446871e-4 3.0971952531060887e-3 3.059197991217566e-3 9.474933496710727e-6 3.0591979912184336e-1 3.0591979912184338e-3 9.358692349474899e-4
1.47e-3 2.486898871648555e-1 2.4556813509823958e-1 2.486898871648555e-1 -2.4556813509836522e-3 -6.107031180889644e-4 3.1217520666159126e-3 2.455681350982397e-3 7.666028332379454e-6 2.4556813509823958e-1 2.455681350982396e-3 6.030370897562725e-4
1.48e-3 1.8738131458572568e-1 1.8424113840526923e-1 1.8738131458572568e-1 -1.842411384053635e-3 -3.4523346715167647e-4 3.14017618045645e-3 1.8424113840537215e-3 5.7854963428072965e-6 1.8424113840526923e-1 1.8424113840526924e-3 3.3944797080869574e-4
1.4899999999999998e-3 1.2533323356430567e-1 1.2218083929991923e-1 1.2533323356430567e-1 -1.2218083929998174e-3 -1.531331966906751e-4 3.152394264386446e-3 1.2218083929996237e-3 3.851621770271235e-6 1.2218083929991923e-1 1.2218083929991922e-3 1.4928157492032686e-4
1.4999999999999998e-3 6.279051952931516e-2 5.963216204872384e-2 6.279051952931516e-2 -5.963216204875435e-4 -3.7443344356975966e-5 3.158357480591324e-3 5.96321620487783e-4 1.8833968509059302e-6 5.963216204872384e-2 5.963216204872384e-4 3.55599475060526e-5
1.5099999999999998e-3 2.143840660551177e-15 -3.158041676421538e-3 2.1437508791444563e-15 3.158041676423154e-5 6.770054620206968e-20 3.1580416764236817e-3 -3.158041676420975e-5 -9.97322723002035e-8 -3.158041676421538e-3 -3.158041676421538e-5 9.973227230015359e-8
1.5199999999999999e-3 -6.279051952931089e-2 -6.594196700903365e-2 -6.279051952931088e-2 6.594196700906739e-4 -4.140530367284019e-5 3.151447479722763e-3 -6.594196700918653e-4 -2.0781264573906247e-6 -6.594196700903365e-2 -6.594196700903366e-4 4.348343013020483e-5
1.53e-3 -1.2533323356430318e-1 -1.2847183386063987e-1 -1.2533323356430318e-1 1.284718338607056e-3 -1.610179035969817e-4 3.1386002963366966e-3 -1.2847183386066607e-3 -4.032217358260054e-6 -1.2847183386063987e-1 -1.2847183386063988e-3 1.6505012095515854e-4
1.54e-3 -1.8738131458572319e-1 -1.9050086479558034e-1 -1.873813145857232e-1 1.9050086479567782e-3 -3.569630247513123e-4 3.119550209857158e-3 -1.905008647953843e-3 -5.942770127504112e-6 -1.9050086479558034e-1 -1.9050086479558035e-3 3.6290579487863986e-4
1.55e-3 -2.4868988716485302e-1 -2.517842589488153e-1 -2.4868988716485305e-1 2.5178425894894414e-3 -6.261619894789906e-4 3.0943717839622686e-3 -2.51784258948895e-3 -7.791141065373101e-6 -2.517842589488153e-1 -2.517842589488153e-3 6.339531305440407e-4
1.5599999999999998e-3 -3.090169943749454e-1 -3.1208015814309337e-1 -3.090169943749454e-1 3.12080158143253e-3 -9.643807247348568e-4 3.0631637681479695e-3 -3.1208015814299106e-3 -9.559526331814988e-6 -3.1208015814309337e-1 -3.1208015814309337e-3 9.739402510661817e-4
1.5699999999999998e-3 -3.681245526846756e-1 -3.711506013926843e-1 -3.6812455268467564e-1 3.711506013928742e-3 -1.3662964911640017e-3 3.0260487080087106e-3 -3.7115060139258915e-3 -1.1231197978207004e-5 -3.711506013926843e-1 -3.711506013926843e-3 1.3775276891415122e-3
1.5799999999999998e-3 -4.2577929156507005e-1 -4.2876246402667606e-1 -4.2577929156507005e-1 4.2876246402689545e-3 -1.8255817818306538e-3 2.9831724616060096e-3 -4.287624640270105e-3 -1.279072375255715e-5 -4.2876246402667606e-1 -4.287624640266761e-3 1.838372505582267e-3
1.5899999999999998e-3 -4.81753674101714e-1 -4.846883777255474e-1 -4.81753674101714e-1 4.846883777257954e-3 -2.3350040676380127e-3 2.9347036238334123e-3 -4.846883777259725e-3 -1.4224167385423493e-5 -4.846883777255474e-1 -4.846883777255474e-3 2.349228235022229e-3
1.5999999999999999e-3 -5.358267949789951e-1 -5.387076278400444e-1 -5.358267949789951e-1 5.387076278403201e-3 -2.8865398165641596e-3 2.8808328610493428e-3 -5.387076278406955e-3 -1.5519266367814153e-5 -5.387076278400444e-1 -5.387076278400444e-3 2.9020590829304783e-3
1.6099999999999999e-3 -5.877852522924714e-1 -5.906070244510756e-1 -5.877852522924714e-1 5.9060702445137775e-3 -3.4715009887285888e-3 2.821772158604241e-3 -5.906070244510175e-3 -1.6665584582719756e-5 -5.906070244510756e-1 -5.9060702445107565e-3 3.4881665733095344e-3
1.62e-3 -6.374239897486879e-1 -6.401817437329187e-1 -6.374239897486877e-1 6.401817437332462e-3 -4.080672012547177e-3 2.7577539842308374e-3 -6.4018174373403625e-3 -1.7654637544143835e-5 -6.401817437329187e-1 -6.401817437329187e-3 4.098326650089204e-3
1.63e-3 -6.845471059286878e-1 -6.872361362992887e-1 -6.845471059286878e-1 6.872361362996403e-3 -4.70445508193532e-3 2.6890303706008645e-3 -6.872361362997292e-3 -1.8479988422843672e-5 -6.872361362992887e-1 -6.872361362992887e-3 4.722935070355745e-3
1.64e-3 -7.289686274214106e-1 -7.315844993420771e-1 -7.289686274214106e-1 7.315844993424515e-3 -5.3330214832844666e-3 2.6158719206665904e-3 -7.315844993427412e-3 -1.9137313494256023e-5 -7.315844993420771e-1 -7.315844993420771e-3 5.352158796775977e-3
1.6499999999999998e-3 -7.70513242775788e-1 -7.73051809515503e-1 -7.70513242775788e-1 7.730518095158985e-3 -5.956466565837858e-3 2.538566739714976e-3 -7.730518095161454e-3 -1.9624436117141638e-5 -7.73051809515503e-1 -7.73051809515503e-3 5.976091001951935e-3
1.6599999999999998e-3 -8.090169943749461e-1 -8.114744136732938e-1 -8.090169943749461e-1 8.114744136737089e-3 -6.5649659116247564e-3 2.4574192983476406e-3 -8.114744136733548e-3 -1.9941328842762388e-5 -8.114744136732938e-1 -8.114744136732938e-3 6.584907240464159e-3
1.6699999999999998e-3 -8.443279255020137e-1 -8.46700674732888e-1 -8.443279255020137e-1 8.467006747333212e-3 -7.148930242187404e-3 2.3727492308742715e-3 -8.467006747336914e-3 -2.009008374755093e-5 -8.46700674732888e-1 -8.46700674732888e-3 7.169020325931278e-3
1.6799999999999999e-3 -8.763066800438621e-1 -8.785915701177246e-1 -8.763066800438621e-1 8.785915701181741e-3 -7.699156619247813e-3 2.2848900738624556e-3 -8.78591570118159e-3 -2.007485157542211e-5 -8.785915701177246e-1 -8.785915701177247e-3 7.719231470819286e-3
1.6899999999999999e-3 -9.04827052466019e-1 -9.070212404158398e-1 -9.048270524660189e-1 9.070212404163037e-3 -8.206973554899565e-3 2.194187949820736e-3 -9.07021240417194e-3 -1.990175075954864e-5 -9.070212404158398e-1 -9.070212404158397e-3 8.226875305654885e-3
1.7e-3 -9.297764858882507e-1 -9.318774860894624e-1 -9.297764858882507e-1 9.318774860899392e-3 -8.66437774295081e-3 2.1010002012117335e-3 -9.31877486090027e-3 -1.957874785779831e-5 -9.318774860894624e-1 -9.318774860894625e-3 8.683956490804163e-3
1.71e-3 -9.510565162951528e-1 -9.53062210275337e-1 -9.510565162951529e-1 9.530622102758245e-3 -9.064160255174841e-3 2.005693980184242e-3 -9.530622102749131e-3 -1.9115511378894816e-5 -9.53062210275337e-1 -9.53062210275337e-3 9.083275766549107e-3
1.7199999999999997e-3 -9.685831611286311e-1 -9.704918059282224e-1 -9.68583161128631e-1 9.70491805928719e-3 -9.400020212358725e-3 1.908644799591297e-3 -9.70491805929452e-3 -1.8523241384332148e-5 -9.704918059282224e-1 -9.704918059282223e-3 9.418543453738224e-3
1.7299999999999998e-3 -9.822872507286883e-1 -9.840974857797015e-1 -9.822872507286882e-1 9.840974857802049e-3 -9.666664137560517e-3 1.810235051013187e-3 -9.840974857810991e-3 -1.781447762374897e-5 -9.840974857797015e-1 -9.840974857797015e-3 9.684478615179298e-3
1.7399999999999998e-3 -9.921147013144772e-1 -9.938255538101095e-1 -9.921147013144774e-1 9.938255538106181e-3 -9.859889424775165e-3 1.710852495632298e-3 -9.938255538088914e-3 -1.7002889289570925e-5 -9.938255538101095e-1 -9.938255538101095e-3 9.876892314059709e-3
1.7499999999999998e-3 -9.980267284282713e-1 -9.996376171621875e-1 -9.980267284282714e-1 9.99637617162699e-3 -9.976650606707214e-3 1.610888733916127e-3 -9.996376171617083e-3 -1.6103049754845583e-5 -9.996376171621875e-1 -9.996376171621874e-3 9.99275365645696e-3
1.7599999999999998e-3 -1e+0 -1.00151073766015e+0 -1e+0 1.0015107376606625e-2 -1.0015107376606625e-2 1.5107376601499745e-3 -1.0015107376615262e-2 -1.513019988429849e-5 -1.00151073766015e+0 -1.00151073766015e-2 1.0030237576485778e-2
1.7699999999999999e-3 -9.980267284282717e-1 -9.99437522336188e-1 -9.980267284282717e-1 9.994375223366995e-3 -9.974653606861538e-3 1.410793907916319e-3 -9.994375223365548e-3 -1.4100003678553915e-5 -9.99437522336188e-1 -9.99437522336188e-3 9.988753610534983e-3
1.78e-3 -9.921147013144779e-1 -9.934261526071335e-1 -9.92114701314478e-1 9.934261526076418e-3 -9.855926906723217e-3 1.311451292655641e-3 -9.9342615260678e-3 -1.3028300119940818e-5 -9.934261526071335e-1 -9.934261526071336e-3 9.868955206838118e-3
1.79e-3 -9.822872507286889e-1 -9.835003519861459e-1 -9.822872507286889e-1 9.83500351986649e-3 -9.660798568436633e-3 1.2131012574569944e-3 -9.835003519864674e-3 -1.1930855137041803e-5 -9.835003519861459e-1 -9.83500351986146e-3 9.67272942356873e-3
1.8e-3 -9.685831611286317e-1 -9.696992924568429e-1 -9.685831611286316e-1 9.69699292457339e-3 -9.392344060325268e-3 1.1161313282112006e-3 -9.696992924579373e-3 -1.0823117592565391e-5 -9.696992924568429e-1 -9.69699292456843e-3 9.40316717791302e-3
1.8099999999999998e-3 -9.510565162951542e-1 -9.520774398793775e-1 -9.510565162951543e-1 9.520774398798646e-3 -9.054794532153533e-3 1.0209235842233433e-3 -9.520774398785736e-3 -9.719983123790181e-6 -9.520774398793775e-1 -9.520774398793775e-3 9.064514515272697e-3
1.8199999999999998e-3 -9.297764858882523e-1 -9.307043390385717e-1 -9.297764858882523e-1 9.307043390390481e-3 -8.653470097526747e-3 9.278531503194021e-4 -9.30704339039412e-3 -8.635569529936554e-6 -9.307043390385717e-1 -9.307043390385718e-3 8.662105667052247e-3
1.8299999999999998e-3 -9.048270524660208e-1 -9.05664339182422e-1 -9.048270524660208e-1 9.056643391828852e-3 -8.194695945464365e-3 8.372867164011533e-4 -9.056643391824881e-3 -7.583007207157258e-6 -9.05664339182422e-1 -9.05664339182422e-3 8.20227895266733e-3
1.8399999999999998e-3 -8.763066800438644e-1 -8.77056261134152e-1 -8.763066800438644e-1 8.770562611346008e-3 -7.685702604065465e-3 7.495810902876654e-4 -8.770562611348787e-3 -6.574247884651058e-6 -8.77056261134152e-1 -8.77056261134152e-3 7.692276851946178e-3
1.8499999999999999e-3 -8.443279255020162e-1 -8.449930072915746e-1 -8.443279255020161e-1 8.449930072920069e-3 -7.134511929105701e-3 6.650817895583749e-4 -8.449930072929046e-3 -5.61989461454678e-6 -8.449930072915746e-1 -8.449930072915746e-3 7.14013182371659e-3
1.8599999999999999e-3 -8.090169943749487e-1 -8.096011160529019e-1 -8.090169943749488e-1 8.09601116053316e-3 -6.549810615520578e-3 5.841216779531866e-4 -8.096011160518841e-3 -4.729055623809991e-6 -8.096011160529019e-1 -8.096011160529019e-3 6.554539671141043e-3
1.87e-3 -7.705132427757909e-1 -7.710202624275013e-1 -7.705132427757909e-1 7.710202624278958e-3 -5.9408132264915925e-3 5.070196517104053e-4 -7.7102026242781285e-3 -3.90922424917815e-6 -7.710202624275013e-1 -7.710202624275014e-3 5.9447224507377305e-3
1.8799999999999997e-3 -7.289686274214123e-1 -7.294027068024425e-1 -7.289686274214123e-1 7.294027068028157e-3 -5.317116900155114e-3 4.34079381030128e-4 -7.294027068027731e-3 -3.1661867549064767e-6 -7.294027068024425e-1 -7.2940270680244244e-3 5.3202830869072985e-3
1.8899999999999998e-3 -6.84547105928691e-1 -6.849126940403171e-1 -6.845471059286911e-1 6.849126940406675e-3 -4.688550025193619e-3 3.6558811162612503e-4 -6.849126940400296e-3 -2.5039593844285637e-6 -6.849126940403171e-1 -6.849126940403171e-3 4.69105398457565e-3
1.8999999999999998e-3 -6.374239897486912e-1 -6.377258052797893e-1 -6.374239897486912e-1 6.377258052801156e-3 -4.065017271673482e-3 3.01815531098093e-4 -6.3772580528032065e-3 -1.9247555261563902e-6 -6.377258052797893e-1 -6.377258052797893e-3 4.066942027197557e-3
1.9099999999999998e-3 -5.877852522924749e-1 -5.880282649970733e-1 -5.877852522924749e-1 5.880282649973741e-3 -3.4563434209658782e-3 2.4301270459836655e-4 -5.880282649972646e-3 -1.4289833905727026e-6 -5.880282649970733e-1 -5.880282649970733e-3 3.4577724043546826e-3
1.9199999999999998e-3 -5.358267949789988e-1 -5.360162060629908e-1 -5.358267949789988e-1 5.360162060632651e-3 -2.872118457516819e-3 1.8941108399206374e-4 -5.36016206063028e-3 -1.0152741062771154e-6 -5.360162060629908e-1 -5.360162060629908e-3 2.8731337316216265e-3
1.9299999999999999e-3 -4.817536741017179e-1 -4.818948956961403e-1 -4.817536741017179e-1 4.818948956963868e-3 -2.3215463653259846e-3 1.4122159442242488e-4 -4.818948956963888e-3 -6.805396551427216e-7 -4.818948956961403e-1 -4.818948956961403e-3 2.3222269049799397e-3
1.9399999999999999e-3 -4.2577929156507405e-1 -4.2587792536695973e-1 -4.2577929156507405e-1 4.258779253671777e-3 -1.813300013560404e-3 9.86338018856836e-5 -4.258779253674128e-3 -4.200595891817534e-7 -4.2587792536695973e-1 -4.258779253669597e-3 1.8137200731486573e-3
1.95e-3 -3.6812455268467964e-1 -3.6818636784978037e-1 -3.681245526846797e-1 3.6818636784996875e-3 -1.3553844196936668e-3 6.181516510073148e-5 -3.6818636784952128e-3 -2.2759501116456813e-7 -3.6818636784978037e-1 -3.6818636784978036e-3 1.3556120147041378e-3
1.96e-3 -3.0901699437494956e-1 -3.0904790474957533e-1 -3.0901699437494956e-1 3.0904790474973343e-3 -9.550105464363833e-4 3.0910374625769954e-5 -3.0904790474961534e-3 -9.552786513119879e-8 -3.0904790474957533e-1 -3.0904790474957536e-3 9.551060743010259e-4
1.97e-3 -2.486898871648556e-1 -2.4869592794668668e-1 -2.486898871648556e-1 2.4869592794681396e-3 -6.184816225945222e-4 6.040781831084807e-6 -2.486959279468515e-3 -1.502317843006117e-8 -2.4869592794668668e-1 -2.4869592794668667e-3 6.184966457726357e-4
1.98e-3 -1.873813145857258e-1 -1.873686185057063e-1 -1.873813145857258e-1 1.8736861850580217e-3 -3.510937804772856e-4 -1.2696080019497513e-5 -1.8736861850582325e-3 2.3788469736926345e-8 -1.873686185057063e-1 -1.873686185057063e-3 3.5106999200736907e-4
1.99e-3 -1.2533323356430578e-1 -1.253080066836179e-1 -1.2533323356430578e-1 1.2530800668368203e-3 -1.570525766916351e-4 -2.5226880687873043e-5 -1.2530800668375532e-3 3.1611301338462935e-8 -1.253080066836179e-1 -1.2530800668361791e-3 1.5702096539021632e-4
2e-3 -6.279051952931528e-2 -6.275901674695271e-2 -6.279051952931528e-2 6.275901674698481e-4 -3.940671266692174e-5 -3.150278236256632e-5 -6.275901674693274e-4 1.9770836458672768e-8 -6.275901674695271e-2 -6.275901674695271e-4 3.9386941830442905e-5
2.0099999999999996e-3 -4.898555519550206e-16 3.1499632398836576e-5 -4.898587196589413e-16 -3.1499632398852695e-7 1.5430369596629286e-22 -3.149963239932643e-5 3.1499632398854574e-7 -9.92226841277832e-12 3.1499632398836576e-5 3.1499632398836575e-7 9.922268412618348e-12
2.0199999999999997e-3 6.279051952930899e-2 6.281573758794952e-2 6.279051952930899e-2 -6.281573758798167e-4 -3.9442327977661115e-5 -2.5218058640530394e-5 6.281573758796038e-4 -1.584090954041354e-8 6.281573758794952e-2 6.281573758794952e-4 3.945816888718134e-5
2.0299999999999997e-3 1.2533323356430126e-1 1.2534591703123868e-1 1.253332335643013e-1 -1.2534591703130282e-3 -1.5710009095615808e-4 -1.268346693741873e-5 1.2534591703111666e-3 -1.5898207944045994e-8 1.2534591703123868e-1 1.2534591703123868e-3 1.571159891640217e-4
2.0399999999999997e-3 1.8738131458572135e-1 1.873752605266061e-1 1.8738131458572135e-1 -1.8737526052670197e-3 -3.511062263833544e-4 6.054059115245813e-6 1.8737526052664548e-3 1.1343809039628972e-8 1.873752605266061e-1 1.873752605266061e-3 3.510948825741351e-4
2.0499999999999997e-3 2.4868988716485124e-1 2.4865896720901506e-1 2.4868988716485121e-1 -2.486589672091423e-3 -6.183897049777004e-4 3.091995583617835e-5 2.486589672093254e-3 7.688524284382061e-8 2.4865896720901506e-1 2.486589672090151e-3 6.183128197345403e-4
2.0599999999999998e-3 3.0901699437494523e-1 3.0895517890121893e-1 3.0901699437494523e-1 -3.0895517890137704e-3 -9.547240078067702e-4 6.181547372630103e-5 3.0895517890122686e-3 1.9098210743973422e-7 3.0895517890121893e-1 3.089551789012189e-3 9.54533025698842e-4
2.07e-3 3.6812455268467553e-1 3.6802593461748745e-1 3.6812455268467553e-1 -3.680259346176758e-3 -1.3547938255749155e-3 9.861806718808319e-5 3.680259346178217e-3 3.629400634709745e-7 3.6802593461748745e-1 3.6802593461748748e-3 1.3544308855107515e-3
2.08e-3 4.2577929156507e-1 4.256381096869131e-1 4.2577929156506994e-1 -4.25638109687131e-3 -1.8122789280568216e-3 1.4118187815687078e-4 4.2563810968787585e-3 6.009238774087449e-7 4.256381096869131e-1 4.256381096869132e-3 1.8116780041784871e-3
2.09e-3 4.817536741017123e-1 4.815643357899764e-1 4.817536741017123e-1 -4.815643357902228e-3 -2.3199538808329058e-3 1.893383117358982e-4 4.815643357902745e-3 9.117857833074976e-7 4.815643357899764e-1 4.815643357899764e-3 2.3190420950484117e-3
2.1e-3 5.358267949789949e-1 5.355838982774312e-1 5.35826794978995e-1 -5.355838982777053e-3 -2.869802036564989e-3 2.4289670156363297e-4 5.355838982773475e-3 1.3009156230216003e-6 5.355838982774312e-1 5.355838982774312e-3 2.8685011209404984e-3
2.11e-3 5.877852522924712e-1 5.874836072301846e-1 5.877852522924712e-1 -5.874836072304852e-3 -3.453142002936618e-3 3.0164506228669286e-4 5.874836072305989e-3 1.77211529295485e-6 5.874836072301846e-1 5.8748360723018455e-3 3.4513698876418976e-3
2.12e-3 6.374239897486876e-1 6.370586388225187e-1 6.374239897486876e-1 -6.370586388228446e-3 -4.060764592623258e-3 3.6535092616896137e-4 6.3705863882268544e-3 2.32749963717806e-6 6.370586388225187e-1 6.3705863882251865e-3 4.058437092984003e-3
2.13e-3 6.845471059286878e-1 6.84113343668152e-1 6.845471059286878e-1 -6.841133436685021e-3 -4.683078095354709e-3 4.3376226053581934e-4 6.841133436685798e-3 2.9674255041240102e-6 6.84113343668152e-1 6.84113343668152e-3 4.68011066984819e-3
2.14e-3 7.289686274214104e-1 7.284620189589787e-1 7.289686274214104e-1 -7.284620189593515e-3 -5.310259580894279e-3 5.06608462431779e-4 7.2846201895959695e-3 3.6904502336507088e-6 7.284620189589787e-1 7.284620189589787e-3 5.306569130657914e-3
2.15e-3 7.705132427757879e-1 7.699296413492213e-1 7.70513242775788e-1 -7.699296413496153e-3 -5.932409846654915e-3 5.8360142656666e-4 7.699296413488099e-3 4.493320370471224e-6 7.699296413492213e-1 7.699296413492213e-3 5.927916526281405e-3
2.1599999999999996e-3 8.090169943749471e-1 8.083525576926112e-1 8.090169943749471e-1 -8.083525576930248e-3 -6.539709566201119e-3 6.64436682335956e-4 8.083525576929602e-3 5.37099091591295e-6 8.083525576926112e-1 8.083525576926112e-3 6.534338575281863e-3
2.1699999999999996e-3 8.443279255020129e-1 8.435791309065861e-1 8.443279255020127e-1 -8.435791309070177e-3 -7.122574175955131e-3 7.487945954267605e-4 8.435791309080454e-3 6.3166749403874805e-6 8.435791309065861e-1 8.435791309065861e-3 7.116257501011111e-3
2.1799999999999996e-3 8.763066800438621e-1 8.754703384145939e-1 8.763066800438621e-1 -8.754703384150419e-3 -7.671805057333618e-3 8.363416292682668e-4 8.75470338415063e-3 7.321922892060948e-6 8.754703384145939e-1 8.754703384145938e-3 7.664483134437634e-3
2.1899999999999997e-3 9.04827052466018e-1 9.039003208046693e-1 9.048270524660181e-1 -9.039003208051318e-3 -8.178734629971957e-3 9.26731661348712e-4 9.039003208044516e-3 8.376730459927431e-6 9.039003208046693e-1 9.039003208046693e-3 8.170357899507841e-3
2.1999999999999997e-3 9.2977648588825e-1 9.287568785390473e-1 9.2977648588825e-1 -9.287568785395226e-3 -8.635363067730176e-3 1.0196073492027002e-3 9.287568785398825e-3 9.469673389818238e-6 9.287568785390473e-1 9.287568785390473e-3 8.625893394335947e-3
2.2099999999999997e-3 9.510565162951522e-1 9.499419147544741e-1 9.510565162951523e-1 -9.499419147549601e-3 -9.03448448129599e-3 1.1146015406781062e-3 9.4994191475406e-3 1.0588067217395855e-5 9.499419147544741e-1 9.49941914754474e-3 9.023896414073964e-3
2.2199999999999998e-3 9.685831611286305e-1 9.673718224057117e-1 9.685831611286304e-1 -9.673718224062067e-3 -9.369800577329678e-3 1.2113387229187866e-3 9.67371822406804e-3 1.1718149479418772e-5 9.673718224057117e-1 9.673718224057118e-3 9.35808242784548e-3
2.2299999999999998e-3 9.822872507286883e-1 9.809778142243469e-1 9.822872507286882e-1 -9.809778142248489e-3 -9.636020001607647e-3 1.3094365043413436e-3 9.809778142255712e-3 1.284528159895944e-5 9.809778142243469e-1 9.80977814224347e-3 9.623174720003774e-3
2.24e-3 9.921147013144774e-1 9.907061941907169e-1 9.921147013144774e-1 -9.90706194191224e-3 -9.828941799404288e-3 1.4085071237605051e-3 9.907061941916151e-3 1.3954167320725482e-5 9.907061941907169e-1 9.90706194190717e-3 9.814987632078546e-3
2.25e-3 9.980267284282714e-1 9.965185694475661e-1 9.980267284282714e-1 -9.96518569448076e-3 -9.945521676842846e-3 1.508158980705332e-3 9.965185694482681e-3 1.5029084299530355e-5 9.965185694475661e-1 9.96518569447566e-3 9.930492592538236e-3
2.26e-3 1e+0 9.983920018191127e-1 1e+0 -9.983920018196235e-3 -9.983920018196235e-3 1.6079981808873045e-3 9.983920018197256e-3 1.605412522738553e-5 9.983920018191127e-1 9.983920018191128e-3 9.967865892963753e-3
2.27e-3 9.980267284282719e-1 9.963190983375507e-1 9.980267284282718e-1 -9.963190983380605e-3 -9.943530901849401e-3 1.7076300907211683e-3 9.963190983386383e-3 1.7013444722832417e-5 9.963190983375507e-1 9.963190983375508e-3 9.926517457121501e-3
2.28e-3 9.921147013144781e-1 9.90308040419715e-1 9.921147013144782e-1 -9.903080404202217e-3 -9.824991657308345e-3 1.8066608947631124e-3 9.903080404194409e-3 1.7891508103952916e-5 9.90308040419715e-1 9.90308040419715e-3 9.807100149199359e-3
2.29e-3 9.822872507286889e-1 9.803825515787679e-1 9.822872507286889e-1 -9.803825515792695e-3 -9.630172812531777e-3 1.9046991499210852e-3 9.803825515797282e-3 1.8673338125913728e-5 9.803825515787679e-1 9.803825515787679e-3 9.611499474400953e-3
2.3e-3 9.685831611286316e-1 9.665818037983307e-1 9.685831611286316e-1 -9.665818037988251e-3 -9.362148590128808e-3 2.0013573303009347e-3 9.665818037984941e-3 1.934475578367616e-5 9.665818037983307e-1 9.665818037983307e-3 9.342803834340347e-3
2.31e-3 9.510565162951543e-1 9.489602629385595e-1 9.510565162951543e-1 -9.48960262939045e-3 -9.025148417733417e-3 2.0962533565948016e-3 9.489602629386695e-3 1.9892611364602717e-5 9.489602629385595e-1 9.489602629385595e-3 9.0052558063642e-3
2.32e-3 9.297764858882519e-1 9.275874737842785e-1 9.297764858882518e-1 -9.275874737847531e-3 -8.624490217295486e-3 2.1890121039733756e-3 9.275874737857404e-3 2.030500207611072e-5 9.275874737842785e-1 9.275874737842785e-3 8.604185215214995e-3
2.3299999999999996e-3 9.048270524660201e-1 9.025477855834884e-1 9.048270524660201e-1 -9.025477855839502e-3 -8.166496525396591e-3 2.279266882531772e-3 9.025477855839625e-3 2.0571472775839125e-5 9.025477855834884e-1 9.025477855834884e-3 8.145925052616585e-3
2.3399999999999996e-3 8.763066800438652e-1 8.739400191594174e-1 8.763066800438652e-1 -8.739400191598646e-3 -7.65839476747453e-3 2.366660884447813e-3 8.73940019160413e-3 2.0683196587005218e-5 8.739400191594174e-1 8.739400191594174e-3 7.637711570883629e-3
2.3499999999999997e-3 8.443279255020172e-1 8.418770769098782e-1 8.443279255020171e-1 -8.41877076910309e-3 -7.108203258753832e-3 2.4508485921389545e-3 8.418770769114126e-3 2.0633132487023936e-5 8.418770769098782e-1 8.418770769098782e-3 7.08757012626321e-3
2.3599999999999997e-3 8.0901699437495e-1 8.064854972330876e-1 8.090169943749499e-1 -8.064854972335002e-3 -6.524604729788333e-3 2.5314971418624044e-3 8.06485497234502e-3 2.0416157312026218e-5 8.064854972330876e-1 8.064854972330875e-3 6.504188572473005e-3
2.3699999999999997e-3 7.70513242775791e-1 7.679049551384146e-1 7.705132427757909e-1 -7.679049551388075e-3 -5.9168093712760085e-3 2.6082876373764163e-3 7.679049551401196e-3 2.0029170011720655e-5 7.679049551384146e-1 7.679049551384146e-3 5.896780201261305e-3
2.3799999999999997e-3 7.289686274214136e-1 7.262877110129359e-1 7.289686274214137e-1 -7.2628771101330755e-3 -5.2944095581041115e-3 2.6809164084776738e-3 7.262877110125743e-3 1.9471166417293012e-5 7.262877110129359e-1 7.262877110129359e-3 5.274938391684098e-3
2.3899999999999998e-3 6.845471059286913e-1 6.817980097192415e-1 6.845471059286912e-1 -6.817980097195904e-3 -4.667228543814872e-3 2.7490962094497418e-3 6.817980097206799e-3 1.8743283241334995e-5 6.817980097192415e-1 6.817980097192415e-3 4.64848526057119e-3
2.4e-3 6.374239897486926e-1 6.346114323960033e-1 6.374239897486926e-1 -6.34611432396328e-3 -4.045165511782001e-3 2.812557352689371e-3 6.346114323962926e-3 1.7848810502869263e-5 6.346114323960033e-1 6.346114323960032e-3 4.02731670127707e-3
2.41e-3 5.87785252292475e-1 5.849142035194337e-1 5.87785252292475e-1 -5.849142035197329e-3 -3.438039426852983e-3 2.8710487730413403e-3 5.84914203519693e-3 1.6793172063496673e-5 5.849142035194337e-1 5.849142035194337e-3 3.421246254787735e-3
2.42e-3 5.358267949789988e-1 5.329024559603615e-1 5.358267949789989e-1 -5.329024559606341e-3 -2.855434150138237e-3 2.924339018637312e-3 5.329024559597162e-3 1.5583874450906497e-5 5.329024559603615e-1 5.329024559603614e-3 2.8398502756858497e-3
2.43e-3 4.8175367410171804e-1 4.7878145693738694e-1 4.81753674101718e-1 -4.787814569376319e-3 -2.3065472597147765e-3 2.9722171643311035e-3 4.787814569379156e-3 1.423042464274326e-5 4.7878145693738694e-1 4.78781456937387e-3 2.292316835070869e-3
2.44e-3 4.2577929156507416e-1 4.2276479792095095e-1 4.2577929156507416e-1 -4.227647979211673e-3 -1.8000449615752634e-3 3.014493644123206e-3 4.2276479792102695e-3 1.2744217962919674e-5 4.2276479792095095e-1 4.22764797920951e-3 1.787300743611425e-3
2.45e-3 3.681245526846798e-1 3.65073551685388e-1 3.681245526846798e-1 -3.6507355168557483e-3 -1.3439253791125956e-3 3.0510009992917864e-3 3.650735516858017e-3 1.1138397710083825e-5 3.65073551685388e-1 3.6507355168538804e-3 1.3327869814018368e-3
2.46e-3 3.0901699437494967e-1 3.059353998356743e-1 3.0901699437494967e-1 -3.0593539983583087e-3 -9.453923773016693e-4 3.0815945392753674e-3 3.0593539983581053e-3 9.427688575050598e-6 3.059353998356743e-1 3.059353998356743e-3 9.359646887261391e-4
2.47e-3 2.4868988716485746e-1 2.4558373425215685e-1 2.4868988716485743e-1 -2.455837342522825e-3 -6.107419116072447e-4 3.1061529127006104e-3 2.455837342524303e-3 7.62820631460079e-6 2.4558373425215685e-1 2.4558373425215686e-3 6.0311370529234e-4
2.4799999999999996e-3 1.8738131458572596e-1 1.8425673599942538e-1 1.8738131458572593e-1 -1.8425673599951964e-3 -3.4526269412865043e-4 3.1245785863005804e-3 1.8425673599969938e-3 5.757246516863e-6 1.8425673599942538e-1 1.8425673599942538e-3 3.395054476116194e-4
2.4899999999999996e-3 1.2533323356430767e-1 1.2219643533447364e-1 1.2533323356430767e-1 -1.2219643533453615e-3 -1.531527437050924e-4 3.136798229834037e-3 1.2219643533456503e-3 3.83305562049493e-6 1.2219643533447364e-1 1.2219643533447364e-3 1.4931968808452198e-4
2.4999999999999996e-3 6.279051952931718e-2 5.964775652383075e-2 6.279051952931718e-2 -5.964775652386127e-4 -3.7453136208914673e-5 3.1427630054864236e-3 5.964775652386733e-4 1.8745876256347173e-6 5.964775652383075e-2 5.964775652383075e-4 3.5578548583261944e-5
2.5099999999999996e-3 4.165556788393587e-15 -3.1424487606061978e-3 4.1650370783741775e-15 3.1424487606078055e-5 1.308841560482249e-19 3.1424487606103633e-3 -3.142448760606875e-5 -9.874984213050647e-8 -3.1424487606061978e-3 -3.1424487606061975e-5 9.874984213035427e-8
2.5199999999999997e-3 -6.279051952930886e-2 -6.592637565235399e-2 -6.279051952930886e-2 6.592637565238772e-4 -4.1395513778978033e-5 3.135856123045122e-3 -6.592637565240866e-4 -2.0673562875977857e-6 -6.592637565235399e-2 -6.592637565235399e-4 4.346287006655293e-5
2.5299999999999997e-3 -1.253332335643012e-1 -1.2845624406294e-1 -1.2533323356430118e-1 1.2845624406300573e-3 -1.6099836439941573e-4 3.1230104986388063e-3 -1.2845624406315759e-3 -4.0117019882494996e-6 -1.2845624406294e-1 -1.2845624406294e-3 1.650100663875761e-4
2.5399999999999997e-3 -1.8738131458572121e-1 -1.9048527655670436e-1 -1.8738131458572124e-1 1.9048527655680183e-3 -3.56933815304382e-4 3.1039619709831434e-3 -1.9048527655662895e-3 -5.912590544639831e-6 -1.9048527655670436e-1 -1.9048527655670436e-3 3.6284640584884146e-4
2.5499999999999997e-3 -2.4868988716485113e-1 -2.517686722686074e-1 -2.4868988716485108e-1 2.5176867226873617e-3 -6.261232269815637e-4 3.078785103756254e-3 -2.5176867226889277e-3 -7.751416377739573e-6 -2.517686722686074e-1 -2.517686722686074e-3 6.338746433589744e-4
2.5599999999999998e-3 -3.090169943749451e-1 -3.120645730213992e-1 -3.090169943749451e-1 3.120645730215589e-3 -9.643325640602272e-4 3.0475786464541077e-3 -3.120645730214644e-3 -9.510413290550334e-6 -3.120645730213992e-1 -3.120645730213992e-3 9.73842977350282e-4
2.57e-3 -3.681245526846754e-1 -3.7113501782934655e-1 -3.6812455268467537e-1 3.711350178295364e-3 -1.3662391242411712e-3 3.010465144671126e-3 -3.711350178298156e-3 -1.1172890351435568e-5 -3.7113501782934655e-1 -3.7113501782934655e-3 1.3774120145918938e-3
2.58e-3 -4.2577929156506983e-1 -4.2874688202153877e-1 -4.2577929156506983e-1 4.287468820217581e-3 -1.8255154368795675e-3 2.967590456468938e-3 -4.287468820218798e-3 -1.2723451553289443e-5 -4.2874688202153877e-1 -4.287468820215388e-3 1.838238888431913e-3
2.59e-3 -4.8175367410171227e-1 -4.846727972784533e-1 -4.817536741017122e-1 4.846727972787012e-3 -2.3349290082616864e-3 2.919123176741034e-3 -4.846727972790399e-3 -1.4148195956731541e-5 -4.846727972784533e-1 -4.846727972784533e-3 2.3490772042172067e-3
2.6e-3 -5.358267949789934e-1 -5.386920489508393e-1 -5.358267949789934e-1 5.38692048951115e-3 -2.88645634070143e-3 2.8652539718458936e-3 -5.386920489514058e-3 -1.5434895328598178e-5 -5.386920489508393e-1 -5.386920489508394e-3 2.901891236028535e-3
2.61e-3 -5.877852522924697e-1 -5.905914471196037e-1 -5.877852522924697e-1 5.905914471199058e-3 -3.471409427471486e-3 2.8061948271339565e-3 -5.905914471193707e-3 -1.6573146638559357e-5 -5.905914471196037e-1 -5.905914471196037e-3 3.4879825741082763e-3
2.62e-3 -6.37423989748689e-1 -6.40166167959027e-1 -6.37423989748689e-1 6.401661679593545e-3 -4.080572728827811e-3 2.7421782103380643e-3 -6.401661679589221e-3 -1.755449716772574e-5 -6.40166167959027e-1 -6.401661679590271e-3 4.098127225993452e-3
2.63e-3 -6.845471059286877e-1 -6.872205620828175e-1 -6.845471059286877e-1 6.872205620831691e-3 -4.704348469087195e-3 2.6734561541297275e-3 -6.872205620833682e-3 -1.8372540409462713e-5 -6.872205620828175e-1 -6.872205620828175e-3 4.722721009494235e-3
2.64e-3 -7.289686274214103e-1 -7.315689266828718e-1 -7.289686274214103e-1 7.315689266832461e-3 -5.332907963484403e-3 2.600299261461436e-3 -7.3156892668291285e-3 -1.902298139761714e-5 -7.315689266828718e-1 -7.315689266828718e-3 5.351930944879291e-3
2.6499999999999996e-3 -7.705132427757879e-1 -7.73036238413408e-1 -7.705132427757879e-1 7.730362384138035e-3 -5.956346588434168e-3 2.52299563762004e-3 -7.7303623841396e-3 -1.9503670572406264e-5 -7.73036238413408e-1 -7.73036238413408e-3 5.9758502590035135e-3
2.6599999999999996e-3 -8.090169943749439e-1 -8.114588441281511e-1 -8.090169943749439e-1 8.114588441285661e-3 -6.564839951358587e-3 2.4418497532071592e-3 -8.114588441288123e-3 -1.981460578273707e-5 -8.114588441281511e-1 -8.11458844128151e-3 6.584654557137949e-3
2.6699999999999996e-3 -8.443279255020137e-1 -8.466851067445463e-1 -8.443279255020136e-1 8.466851067449795e-3 -7.148798797314395e-3 2.357181242532591e-3 -8.466851067456815e-3 -1.9957902519526252e-5 -8.466851067445463e-1 -8.466851067445463e-3 7.168756699830238e-3
2.6799999999999997e-3 -8.763066800438619e-1 -8.78576003686026e-1 -8.76306680043862e-1 8.785760036864754e-3 -7.699020209566992e-3 2.269323642164034e-3 -8.785760036855716e-3 -1.9937732966016632e-5 -8.78576003686026e-1 -8.78576003686026e-3 7.718957942529079e-3
2.6899999999999997e-3 -9.04827052466018e-1 -9.070056755406279e-1 -9.04827052466018e-1 9.07005675541092e-3 -8.206832719697956e-3 2.17862307460992e-3 -9.070056755411393e-3 -1.9760234935360846e-5 -9.070056755406279e-1 -9.07005675540628e-3 8.226592954629108e-3
2.6999999999999997e-3 -9.2977648588825e-1 -9.318619227705829e-1 -9.2977648588825e-1 9.318619227710597e-3 -8.664233038871438e-3 2.0854368823328695e-3 -9.31861922770505e-3 -1.943339222987235e-5 -9.318619227705829e-1 -9.318619227705828e-3 8.683666431096877e-3
2.7099999999999997e-3 -9.510565162951522e-1 -9.530466485126339e-1 -9.510565162951523e-1 9.530466485131214e-3 -9.064012254016597e-3 1.990132217481677e-3 -9.530466485119238e-3 -1.8966888399665154e-5 -9.530466485126339e-1 -9.53046648512634e-3 9.08297914241164e-3
2.7199999999999998e-3 -9.685831611286301e-1 -9.704762457215395e-1 -9.6858316112863e-1 9.704762457220361e-3 -9.399869498816948e-3 1.8930845929093776e-3 -9.704762457229954e-3 -1.8371936285627378e-5 -9.704762457215395e-1 -9.704762457215394e-3 9.418241435097738e-3
2.73e-3 -9.822872507286878e-1 -9.840819271288842e-1 -9.822872507286877e-1 9.840819271293877e-3 -9.66651130691715e-3 1.794676400196371e-3 -9.84081927130065e-3 -1.7661086104800924e-5 -9.840819271288842e-1 -9.840819271288843e-3 9.684172393016987e-3
2.74e-3 -9.921147013144777e-1 -9.938099967150025e-1 -9.921147013144777e-1 9.93809996715511e-3 -9.859735080547513e-3 1.695295400524821e-3 -9.938099967155e-3 -1.684801516427375e-5 -9.938099967150025e-1 -9.938099967150026e-3 9.876583095706734e-3
2.75e-3 -9.980267284282714e-1 -9.99622061622634e-1 -9.980267284282714e-1 9.996220616231455e-3 -9.976495358264718e-3 1.5953331943625582e-3 -9.996220616226292e-3 -1.594730256723715e-5 -9.99622061622634e-1 -9.996220616226341e-3 9.992442660826852e-3
2.76e-3 -1e+0 -1.0014951836759949e+0 -1e+0 1.0014951836765073e-2 -1.0014951836765073e-2 1.4951836759948822e-3 -1.0014951836767594e-2 -1.497419250220987e-5 -1.0014951836759949e+0 -1.0014951836759949e-2 1.0029926029262148e-2
2.77e-3 -9.980267284282717e-1 -9.994219699072758e-1 -9.980267284282718e-1 9.994219699077872e-3 -9.974498389464076e-3 1.3952414790041612e-3 -9.994219699072104e-3 -1.3944349874425886e-5 -9.994219699072758e-1 -9.994219699072758e-3 9.988442739333398e-3
2.78e-3 -9.921147013144782e-1 -9.93410601733309e-1 -9.921147013144782e-1 9.934106017338172e-3 -9.855772624217822e-3 1.2959004188307643e-3 -9.934106017339683e-3 -1.2873612148579712e-5 -9.93410601733309e-1 -9.93410601733309e-3 9.86864623636135e-3
2.79e-3 -9.822872507286894e-1 -9.834848026672534e-1 -9.822872507286894e-1 9.834848026677565e-3 -9.660645829459582e-3 1.1975519385639677e-3 -9.83484802667968e-3 -1.1777741319832263e-5 -9.834848026672534e-1 -9.834848026672534e-3 9.672423570774464e-3
2.7999999999999995e-3 -9.68583161128632e-1 -9.696837446927267e-1 -9.685831611286321e-1 9.696837446932229e-3 -9.392193467300112e-3 1.1005835640947037e-3 -9.696837446926398e-3 -1.0672179917785244e-5 -9.696837446927267e-1 -9.696837446927268e-3 9.402865647213092e-3
2.8099999999999996e-3 -9.510565162951548e-1 -9.520618936698825e-1 -9.510565162951549e-1 9.520618936703695e-3 -9.054646678915097e-3 1.0053773747277228e-3 -9.520618936698089e-3 -9.571814872360568e-6 -9.520618936698825e-1 -9.520618936698824e-3 9.064218493782826e-3
2.8199999999999996e-3 -9.297764858882532e-1 -9.306887943835425e-1 -9.297764858882531e-1 9.306887943840186e-3 -8.653325566979479e-3 9.123084952892269e-4 -9.306887943849596e-3 -8.49075293587887e-6 -9.306887943835425e-1 -9.306887943835425e-3 8.661816319910918e-3
2.8299999999999996e-3 -9.048270524660217e-1 -9.056487960817027e-1 -9.048270524660217e-1 9.05648796082166e-3 -8.194555307284274e-3 8.217436156809921e-4 -9.056487960823478e-3 -7.44211116229846e-6 -9.056487960817027e-1 -9.056487960817027e-3 8.201997418442375e-3
2.8399999999999996e-3 -8.763066800438661e-1 -8.770407195875883e-1 -8.763066800438661e-1 8.770407195880372e-3 -7.685566412454763e-3 7.34039543722198e-4 -8.770407195879404e-3 -6.4378256963212e-6 -8.770407195875883e-1 -8.770407195875884e-3 7.692004238147148e-3
2.8499999999999997e-3 -8.443279255020181e-1 -8.449774672990104e-1 -8.443279255020181e-1 8.449774672994426e-3 -7.1343807206088765e-3 6.495417969922812e-4 -8.449774672991683e-3 -5.488481825274883e-6 -8.449774672990104e-1 -8.449774672990103e-3 7.1398692024305e-3
2.8599999999999997e-3 -8.090169943749489e-1 -8.095855776141797e-1 -8.090169943749489e-1 8.095855776145938e-3 -6.549684906910656e-3 5.685832392308132e-4 -8.095855776146806e-3 -4.60316790154704e-6 -8.095855776141797e-1 -8.095855776141797e-3 6.55428807480885e-3
2.8699999999999997e-3 -7.70513242775791e-1 -7.710047255424676e-1 -7.70513242775791e-1 7.71004725542862e-3 -5.940693512734894e-3 4.914827666765431e-4 -7.7100472554270105e-3 -3.789355356304155e-6 -7.710047255424676e-1 -7.710047255424676e-3 5.944482868088157e-3
2.8799999999999997e-3 -7.289686274214137e-1 -7.293871714709431e-1 -7.289686274214137e-1 7.293871714713162e-3 -5.317003652462327e-3 4.185440495294568e-4 -7.293871714708633e-3 -3.052806604222514e-6 -7.293871714709431e-1 -7.293871714709431e-3 5.32005645906383e-3
2.8899999999999998e-3 -6.845471059286913e-1 -6.848971602621945e-1 -6.845471059286913e-1 6.848971602625449e-3 -4.6884436891650415e-3 3.500543335032136e-4 -6.848971602624321e-3 -2.3975121895390933e-6 -6.848971602621945e-1 -6.848971602621945e-3 4.690841201352182e-3
2.9e-3 -6.374239897486929e-1 -6.377102730548905e-1 -6.374239897486927e-1 6.377102730552167e-3 -4.0649182655458456e-3 2.862833061976211e-4 -6.377102730559251e-3 -1.8256580536663796e-6 -6.377102730548905e-1 -6.377102730548905e-3 4.06674392359743e-3
2.91e-3 -5.877852522924766e-1 -5.880127343252416e-1 -5.877852522924766e-1 5.880127343255425e-3 -3.45625213396728e-3 2.27482032765014e-4 -5.88012734326071e-3 -1.3376233209620876e-6 -5.880127343252416e-1 -5.880127343252416e-3 3.4575897572864714e-3
2.92e-3 -5.358267949790005e-1 -5.360006769440712e-1 -5.358267949790005e-1 5.360006769443454e-3 -2.8720352483366327e-3 1.7388196507062137e-4 -5.360006769439263e-3 -9.32008509861932e-7 -5.360006769440712e-1 -5.360006769440712e-3 2.872967256845026e-3
2.93e-3 -4.8175367410171654e-1 -4.818793681299741e-1 -4.8175367410171654e-1 4.8187936813022065e-3 -2.321471560705474e-3 1.2569402825757248e-4 -4.818793681304891e-3 -6.056935891453486e-7 -4.818793681299741e-1 -4.8187936812997415e-3 2.3220772542934314e-3
2.94e-3 -4.257792915650743e-1 -4.258623993533965e-1 -4.2577929156507427e-1 4.2586239935361436e-3 -1.8132339070098466e-3 8.310778832215648e-5 -4.258623993541599e-3 -3.539248213989119e-7 -4.258623993533965e-1 -4.258623993533965e-3 1.8135878318303175e-3
2.95e-3 -3.681245526846799e-1 -3.6817084338866324e-1 -3.6812455268468e-1 3.6817084338885164e-3 -1.3553272703406237e-3 4.629070398332047e-5 -3.6817084338836023e-3 -1.7042887526580023e-7 -3.6817084338866324e-1 -3.6817084338866325e-3 1.355497699215196e-3
2.96e-3 -3.090169943749498e-1 -3.09032381840749e-1 -3.090169943749498e-1 3.0903238184090713e-3 -9.549625780100893e-4 1.5387465799210354e-5 -3.0903238184110124e-3 -4.75522520642846e-8 -3.09032381840749e-1 -3.09032381840749e-3 9.550101302616649e-4
2.9699999999999996e-3 -2.4868988716485757e-1 -2.4868040658999774e-1 -2.4868988716485754e-1 2.4868040659012497e-3 -6.184430225500908e-4 -9.480574859832558e-6 -2.4868040659042916e-3 2.3576332108541613e-8 -2.4868040658999774e-1 -2.4868040658999773e-3 6.184194462176659e-4
2.9799999999999996e-3 -1.873813145857278e-1 -1.8735309870099784e-1 -1.873813145857278e-1 1.8735309870109372e-3 -3.510646992632055e-4 -2.8215884729954066e-5 -1.8735309870121513e-3 5.2863334367531926e-8 -1.8735309870099784e-1 -1.8735309870099785e-3 3.510118359286584e-4
2.9899999999999996e-3 -1.2533323356430778e-1 -1.2529248843073476e-1 -1.2533323356430778e-1 1.2529248843079887e-3 -1.5703312716350645e-4 -4.074513357302245e-5 -1.252924884306839e-3 5.105059176804586e-8 -1.2529248843073476e-1 -1.2529248843073477e-3 1.5698207657165804e-4
2.9999999999999996e-3 -6.27905195293173e-2 -6.27435000457397e-2 -6.27905195293173e-2 6.27435000457718e-4 -3.939696964961756e-5 -4.701948357760388e-5 -6.27435000458143e-4 2.950166970005554e-8 -6.27435000457397e-2 -6.27435000457397e-4 3.936746797989738e-5
3.0099999999999997e-3 -4.287507848754756e-15 4.7014782095106865e-5 -4.287501758288913e-15 -4.701478209513092e-7 2.015759608984439e-21 -4.701478209939437e-5 4.701478209514706e-7 -2.210389735653847e-11 4.7014782095106865e-5 4.7014782095106865e-7 2.210389735450381e-11