9.999999999999999e-6 0e+0 0e+0 0e+0 0e+0 0e+0 0e+0 0e+0 0e+0 0e+0 0e+0 0e+0
1.9999999999999998e-5 6.279051952931336e-2 3.139525976465667e-2 6.279051952931336e-2 -3.1395259764656683e-4 -1.9713246713805414e-5 3.139525976465669e-2 3.1395259764656683e-4 9.856623356902709e-6 3.139525976465667e-2 3.139525976465667e-4 9.856623356902702e-6
2.9999999999999997e-5 1.2533323356430423e-1 7.836424666448044e-2 1.2533323356430423e-1 -7.836424666448046e-4 -9.821644430290078e-5 4.696898689982378e-2 7.836424666448046e-4 3.680689274998542e-5 7.836424666448044e-2 7.836424666448045e-4 6.140955155291534e-5
3.9999999999999996e-5 1.8738131458572457e-1 1.328727806251025e-1 1.8738131458572457e-1 -1.3287278062510252e-3 -2.48978763061923e-4 5.450853396062208e-2 1.3287278062510252e-3 7.242700475145688e-5 1.328727806251025e-1 1.328727806251025e-3 1.7655175831046612e-4
4.9999999999999996e-5 2.4868988716485474e-1 1.9078133389497862e-1 2.4868988716485474e-1 -1.9078133389497864e-3 -4.7445388399502714e-4 5.790855326987612e-2 1.9078133389497864e-3 1.1047871036755393e-4 1.9078133389497862e-1 1.9078133389497862e-3 3.639751736274732e-4
5.9999999999999995e-5 3.0901699437494734e-1 2.4989916413496296e-1 3.0901699437494734e-1 -2.49899164134963e-3 -7.722308859779791e-4 5.911783023998435e-2 2.49899164134963e-3 1.4773496362444728e-4 2.4989916413496296e-1 2.4989916413496295e-3 6.244959223535315e-4
7e-5 3.6812455268467786e-1 3.090118584098204e-1 3.6812455268467786e-1 -3.0901185840982045e-3 -1.1375485215137616e-3 5.9112694274857464e-2 3.0901185840982045e-3 1.8266523513485257e-4 3.090118584098204e-1 3.0901185840982036e-3 9.548832863789087e-4
7.999999999999999e-5 4.257792915650726e-1 3.673955749874465e-1 4.257792915650726e-1 -3.673955749874466e-3 -1.5642942764229751e-3 5.8383716577626144e-2 3.673955749874466e-3 2.1449919121941074e-4 3.673955749874465e-1 3.673955749874465e-3 1.3497950852035642e-3
8.999999999999999e-5 4.817536741017152e-1 4.245746245445809e-1 4.817536741017152e-1 -4.245746245445809e-3 -2.045403853047081e-3 5.7179049557134376e-2 4.245746245445809e-3 2.4276773497536314e-4 4.245746245445809e-1 4.245746245445809e-3 1.8026361180717185e-3
9.999999999999999e-5 5.358267949789965e-1 4.802007097617887e-1 5.358267949789965e-1 -4.802007097617887e-3 -2.573044072582986e-3 5.56260852172078e-2 4.802007097617887e-3 2.671168560257293e-4 4.802007097617887e-1 4.802007097617887e-3 2.3059272165572562e-3
1.0999999999999999e-4 5.87785252292473e-1 5.339929810271309e-1 5.87785252292473e-1 -5.339929810271309e-3 -3.1387319907544187e-3 5.3792271265342084e-2 5.339929810271309e-3 2.8724695289200094e-4 5.339929810271309e-1 5.339929810271309e-3 2.8514850378624176e-3
1.1999999999999999e-4 6.374239897486896e-1 5.857084853879101e-1 6.374239897486896e-1 -5.857084853879102e-3 -3.733446395856238e-3 5.171550436077943e-2 5.857084853879102e-3 3.0290209730223985e-4 5.857084853879101e-1 5.857084853879101e-3 3.4305442985539973e-3
1.3e-4 6.845471059286885e-1 6.351277956582994e-1 6.845471059286885e-1 -6.351277956582995e-3 -4.347748944127564e-3 4.941931027038926e-2 6.351277956582995e-3 3.138757759498589e-4 6.351277956582994e-1 6.351277956582994e-3 4.033873168177705e-3
1.4e-4 7.289686274214114e-1 6.820482115398554e-1 7.289686274214114e-1 -6.820482115398555e-3 -4.9719174860143696e-3 4.6920415881556043e-2 6.820482115398555e-3 3.2001985736721536e-4 6.820482115398554e-1 6.8204821153985545e-3 4.651897628647154e-3
1.5e-4 7.705132427757891e-1 7.262807271578223e-1 7.705132427757891e-1 -7.262807271578225e-3 -5.596089182479319e-3 4.423251561796693e-2 7.262807271578225e-3 3.212522360703676e-4 7.262807271578223e-1 7.262807271578223e-3 5.274836946408952e-3
1.5999999999999999e-4 8.090169943749473e-1 7.676488607663848e-1 8.090169943749473e-1 -7.676488607663849e-3 -6.210409740725732e-3 4.136813360856251e-2 7.676488607663849e-3 3.175620063664461e-4 7.676488607663848e-1 7.6764886076638485e-3 5.892847734359285e-3
1.6999999999999999e-4 8.44327925502015e-1 8.059883931341999e-1 8.44327925502015e-1 -8.059883931342e-3 -6.805185079537016e-3 3.8339532367815066e-2 8.059883931342e-3 3.0901218086651914e-4 8.059883931341999e-1 8.059883931341999e-3 6.496172898670495e-3
1.7999999999999998e-4 8.763066800438635e-1 8.411475365890315e-1 8.763066800438635e-1 -8.411475365890318e-3 -7.371032052154086e-3 3.515914345483184e-2 8.411475365890318e-3 2.9574026905612185e-4 8.411475365890315e-1 8.411475365890316e-3 7.075291783097962e-3
1.8999999999999998e-4 9.048270524660195e-1 8.729872945275255e-1 9.048270524660195e-1 -8.729872945275257e-3 -7.899025205476258e-3 3.183975793849381e-2 8.729872945275257e-3 2.7795704141137016e-4 8.729872945275255e-1 8.729872945275255e-3 7.621068164064887e-3
1.9999999999999998e-4 9.297764858882513e-1 9.013818902078884e-1 9.297764858882513e-1 -9.013818902078885e-3 -8.380836863208002e-3 2.8394595680362844e-2 9.013818902078885e-3 2.5594374326054205e-4 9.013818902078884e-1 9.013818902078884e-3 8.124893119947458e-3
2.0999999999999998e-4 9.510565162951535e-1 9.262192032515209e-1 9.510565162951535e-1 -9.262192032515212e-3 -8.808868087700645e-3 2.483731304363268e-2 9.262192032515212e-3 2.3004796298182076e-4 9.262192032515209e-1 9.262192032515208e-3 8.578820124718821e-3
2.1999999999999998e-4 9.685831611286311e-1 9.474011821900761e-1 9.685831611286311e-1 -9.474011821900762e-3 -9.176368319026662e-3 2.1181978938555e-2 9.474011821900762e-3 2.0067831887512304e-4 9.474011821900761e-1 9.47401182190076e-3 8.975690000151536e-3
2.2999999999999998e-4 9.822872507286886e-1 9.648442164593823e-1 9.822872507286886e-1 -9.648442164593825e-3 -9.477541727673625e-3 1.7443034269306268e-2 9.648442164593825e-3 1.6829810732242964e-4 9.648442164593823e-1 9.648442164593823e-3 9.309243620351194e-3
2.3999999999999998e-4 9.921147013144778e-1 9.784794588869299e-1 9.921147013144778e-1 -9.784794588869302e-3 -9.707638560959585e-3 1.3635242427547767e-2 9.784794588869302e-3 1.334180463229905e-4 9.784794588869299e-1 9.784794588869298e-3 9.57422051463659e-3
2.5e-4 9.980267284282716e-1 9.882530936576007e-1 9.980267284282716e-1 -9.88253093657601e-3 -9.863030019222138e-3 9.773634770670836e-3 9.88253093657601e-3 9.658824798394951e-5 9.882530936576007e-1 9.882530936576008e-3 9.766441771238187e-3
2.6e-4 1e+0 9.941265468288004e-1 1e+0 -9.941265468288005e-3 -9.941265468288005e-3 5.873453171199472e-3 9.941265468288005e-3 5.838955719045199e-5 9.941265468288004e-1 9.941265468288005e-3 9.882875911097553e-3
2.6999999999999995e-4 9.980267284282716e-1 9.96076637628536e-1 9.980267284282716e-1 -9.960766376285362e-3 -9.94111107916241e-3 1.9500907997356265e-3 9.960766376285362e-3 1.942439886871006e-5 9.96076637628536e-1 9.96076637628536e-3 9.921686680293699e-3
2.8e-4 9.921147013144779e-1 9.940956694715068e-1 9.921147013144779e-1 -9.940956694715071e-3 -9.862569281957402e-3 -1.9809681570289728e-3 9.940956694715071e-3 -1.9692718662634543e-5 9.940956694715068e-1 9.94095669471507e-3 9.882262000620035e-3
2.9e-4 9.822872507286887e-1 9.88191460100098e-1 9.822872507286887e-1 -9.88191460100098e-3 -9.70687872535294e-3 -5.904209371409119e-3 9.88191460100098e-3 -5.8344892794694594e-5 9.88191460100098e-1 9.88191460100098e-3 9.765223618147635e-3
3e-4 9.685831611286312e-1 9.783873106143646e-1 9.685831611286312e-1 -9.783873106143646e-3 -9.476494741230013e-3 -9.804149485733382e-3 9.783873106143646e-3 -9.59225544820789e-5 9.783873106143646e-1 9.783873106143646e-3 9.572417295712092e-3
3.0999999999999995e-4 9.510565162951536e-1 9.647219134547591e-1 9.510565162951536e-1 -9.647219134547592e-3 -9.17505062203878e-3 -1.3665397159605464e-2 9.647219134547592e-3 -1.3183308095933815e-4 9.647219134547591e-1 9.647219134547592e-3 9.306883702998118e-3
3.1999999999999997e-4 9.297764858882516e-1 9.472491996715052e-1 9.297764858882516e-1 -9.472491996715056e-3 -8.807300321310312e-3 -1.7472713783253657e-2 9.472491996715056e-3 -1.6551014147276312e-4 9.472491996715052e-1 9.472491996715052e-3 8.972810462783072e-3
3.3e-4 9.048270524660197e-1 9.260381260687625e-1 9.048270524660197e-1 -9.260381260687628e-3 -8.37904348081955e-3 -2.121107360274277e-2 9.260381260687628e-3 -1.9642262850990514e-4 9.260381260687625e-1 9.260381260687624e-3 8.575466109329452e-3
3.3999999999999997e-4 8.763066800438637e-1 9.011724030563132e-1 8.763066800438637e-1 -9.011724030563132e-3 -7.897033966694285e-3 -2.4865723012449492e-2 9.011724030563132e-3 -2.2408303360861776e-4 9.011724030563132e-1 9.011724030563132e-3 8.121117000302902e-3
3.4999999999999994e-4 8.443279255020154e-1 8.727501642791642e-1 8.443279255020154e-1 -8.727501642791645e-3 -7.368873356873701e-3 -2.842223877714878e-2 8.727501642791645e-3 -2.480551356193824e-4 8.727501642791642e-1 8.727501642791641e-3 7.61692849249308e-3
3.5999999999999997e-4 8.090169943749477e-1 8.408835793270559e-1 8.090169943749477e-1 -8.408835793270562e-3 -6.8028910596642286e-3 -3.186658495210826e-2 8.408835793270562e-3 -2.67960880154585e-4 8.408835793270559e-1 8.40883579327056e-3 7.070851939818813e-3
3.7e-4 7.705132427757895e-1 8.056984110514228e-1 7.705132427757895e-1 -8.05698411051423e-3 -6.208012953985329e-3 -3.518516827563334e-2 8.05698411051423e-3 -2.834863417225472e-4 8.056984110514228e-1 8.056984110514228e-3 6.491499295707874e-3
3.7999999999999997e-4 7.289686274214118e-1 7.673335192364173e-1 7.289686274214118e-1 -7.673335192364175e-3 -5.593620622922128e-3 -3.8364891815005464e-2 7.673335192364175e-3 -2.943866745153257e-4 7.673335192364173e-1 7.673335192364174e-3 5.888007297437453e-3
3.8999999999999994e-4 6.845471059286888e-1 7.259403125825531e-1 6.845471059286888e-1 -7.2594031258255325e-3 -4.969403400553546e-3 -4.1393206653864256e-2 7.2594031258255325e-3 -3.004899737710044e-4 7.259403125825531e-1 7.259403125825531e-3 5.269893374324549e-3
3.9999999999999996e-4 6.374239897486902e-1 6.816821511656216e-1 6.374239897486902e-1 -6.816821511656217e-3 -4.345205565364604e-3 -4.425816141693151e-2 6.816821511656217e-3 -3.016999868132919e-4 6.816821511656216e-1 6.816821511656216e-3 4.646905552177894e-3
4.1e-4 5.877852522924736e-1 6.347337017290476e-1 5.877852522924736e-1 -6.347337017290478e-3 -3.7308710900934403e-3 -4.694844943657395e-2 6.347337017290478e-3 -2.979976310131561e-4 6.347337017290476e-1 6.347337017290476e-3 4.028868721106596e-3
4.1999999999999996e-4 5.35826794978997e-1 5.852802483540224e-1 5.35826794978997e-1 -5.852802483540225e-3 -3.1360883964004728e-3 -4.945345337502527e-2 5.852802483540225e-3 -2.894412947329886e-4 5.852802483540224e-1 5.852802483540224e-3 3.4255296911334613e-3
4.2999999999999994e-4 4.817536741017156e-1 5.33516961227869e-1 4.817536741017156e-1 -5.335169612278691e-3 -2.570237562671085e-3 -5.176328712615341e-2 5.335169612278691e-3 -2.761659165071105e-4 5.33516961227869e-1 5.335169612278689e-3 2.846403479178194e-3
4.3999999999999996e-4 4.257792915650733e-1 4.7964812639647114e-1 4.257792915650733e-1 -4.796481263964713e-3 -2.042242394576043e-3 -5.3868834831397816e-2 4.796481263964713e-3 -2.5838085698040933e-4 4.7964812639647114e-1 4.796481263964711e-3 2.3006232515564514e-3
4.5e-4 3.6812455268467853e-1 4.238863395405749e-1 3.6812455268467853e-1 -4.23886339540575e-3 -1.5604296913251992e-3 -5.5761786855896334e-2 4.23886339540575e-3 -2.3636659716587643e-4 4.238863395405749e-1 4.23886339540575e-3 1.7967962884910759e-3
4.5999999999999996e-4 3.0901699437494795e-1 3.6645166695776143e-1 3.0901699437494795e-1 -3.664516669577615e-3 -1.1323979270697689e-3 -5.7434672582813484e-2 3.664516669577615e-3 -2.1047031509145242e-4 3.6645166695776143e-1 3.6645166695776143e-3 1.342868242161221e-3
4.6999999999999993e-4 2.4868988716485524e-1 3.0757077706130836e-1 2.4868988716485524e-1 -3.075707770613084e-3 -7.648974184258364e-4 -5.888088989645307e-2 3.075707770613084e-3 -1.8110041059513416e-4 3.0757077706130836e-1 3.0757077706130838e-3 9.459978290209705e-4
4.7999999999999996e-4 1.8738131458572543e-1 2.474760458235169e-1 1.8738131458572543e-1 -2.4747604582351698e-3 -4.637238679488784e-4 -6.0094731237791466e-2 2.4747604582351698e-3 -1.4872006461555618e-4 2.474760458235169e-1 2.474760458235169e-3 6.124439325644344e-4
4.9e-4 1.2533323356430498e-1 1.8640463969391097e-1 1.2533323356430498e-1 -1.86404639693911e-3 -2.3362696244227062e-4 -6.107140612960599e-2 1.86404639693911e-3 -1.1383993455189711e-4 1.8640463969391097e-1 1.8640463969391097e-3 3.474668969941677e-4
5e-4 6.279051952931358e-2 1.2459757961161229e-1 6.279051952931358e-2 -1.245975796116123e-3 -7.823546755908146e-5 -6.1807060082298707e-2 1.245975796116123e-3 -7.701010089163917e-5 1.2459757961161229e-1 1.245975796116123e-3 1.5524556845072064e-4
5.099999999999999e-4 1.2246467991473532e-16 6.229878980580621e-2 1.2246467991473532e-16 -6.229878980580622e-4 -7.629401352643436e-20 -6.229878980580608e-2 6.229878980580622e-4 -3.881139211268017e-5 6.229878980580621e-2 6.22987898058062e-4 3.881139211268023e-5
5.2e-4 -6.279051952931246e-2 -2.458648617531117e-4 -6.279051952931246e-2 2.4586486175311173e-6 -1.543798240348047e-7 -6.254465466755935e-2 -2.4586486175311173e-6 1.5377532873235592e-7 -2.458648617531117e-4 -2.458648617531117e-6 6.044953024487672e-10
5.3e-4 -1.2533323356430343e-1 -6.278954921302826e-2 -1.2533323356430343e-1 6.278954921302828e-4 -7.869617236913797e-5 -6.254368435127518e-2 -6.278954921302828e-4 3.9270897465384996e-5 -6.278954921302826e-2 -6.278954921302827e-4 3.942527490375298e-5
5.399999999999999e-4 -1.8738131458572432e-1 -1.250854318993763e-1 -1.8738131458572432e-1 1.2508543189937633e-3 -2.3438672664828232e-4 -6.229588268634806e-2 -1.2508543189937633e-3 7.792307391374727e-5 -1.250854318993763e-1 -1.2508543189937629e-3 1.5646365273453504e-4
5.499999999999999e-4 -2.486898871648537e-1 -1.86887659532115e-1 -2.486898871648537e-1 1.8688765953211502e-3 -4.647707096154528e-4 -6.180222763273871e-2 -1.8688765953211502e-3 1.1550073676153544e-4 -1.86887659532115e-1 -1.86887659532115e-3 3.4926997285391736e-4
5.6e-4 -3.0901699437494645e-1 -2.479523269535307e-1 -3.0901699437494645e-1 2.4795232695353077e-3 -7.66214828234541e-4 -6.106466742141575e-2 -2.4795232695353077e-3 1.5141126381783496e-4 -2.479523269535307e-1 -2.4795232695353072e-3 6.148035644167059e-4
5.7e-4 -3.681245526846775e-1 -3.080384398191041e-1 -3.681245526846775e-1 3.0803843981910416e-3 -1.1339651286809366e-3 -6.0086112865573416e-2 -3.0803843981910416e-3 1.8508832461905836e-4 -3.080384398191041e-1 -3.080384398191041e-3 9.488768040618782e-4
5.8e-4 -4.2577929156507227e-1 -3.669088656920882e-1 -4.2577929156507227e-1 3.6690886569208827e-3 -1.562221969033216e-3 -5.887042587298408e-2 -3.6690886569208827e-3 2.1600081179866753e-4 -3.669088656920882e-1 -3.669088656920882e-3 1.3462211572345482e-3
5.899999999999999e-4 -4.81753674101715e-1 -4.2433126989690156e-1 -4.81753674101715e-1 4.243312698969016e-3 -2.044231483090788e-3 -5.742240420481337e-2 -4.243312698969016e-3 2.4366121696761642e-4 -4.2433126989690156e-1 -4.243312698969015e-3 1.800570266123171e-3
6e-4 -5.35826794978996e-1 -4.8007903243794875e-1 -5.35826794978996e-1 4.800790324379488e-3 -2.5723920928784356e-3 -5.5747762541047186e-2 -4.800790324379488e-3 2.6763331901286455e-4 -4.8007903243794875e-1 -4.800790324379488e-3 2.3047587738655707e-3
6.1e-4 -5.877852522924727e-1 -5.339321423652107e-1 -5.877852522924727e-1 5.339321423652108e-3 -3.138374390071959e-3 -5.3853109927262055e-2 -5.339321423652108e-3 2.8753906356492233e-4 -5.339321423652107e-1 -5.339321423652107e-3 2.850835326507036e-3
6.199999999999999e-4 -6.374239897486893e-1 -5.856780660569499e-1 -6.374239897486893e-1 5.856780660569501e-3 -3.733252495743175e-3 -5.174592369173925e-2 -5.856780660569501e-3 3.030645251410836e-4 -5.856780660569499e-1 -5.8567806605695e-3 3.4301879706020904e-3
6.299999999999999e-4 -6.845471059286881e-1 -6.35112585992819e-1 -6.845471059286881e-1 6.35112585992819e-3 -4.347644826802693e-3 -4.9434519935869004e-2 -6.35112585992819e-3 3.139648579378333e-4 -6.35112585992819e-1 -6.351125859928189e-3 4.033679968864858e-3
6.399999999999999e-4 -7.28968627421411e-1 -6.82040606707115e-1 -7.28968627421411e-1 6.820406067071151e-3 -4.9718620491695205e-3 -4.6928020714296026e-2 -6.820406067071151e-3 3.2006815719542525e-4 -6.82040606707115e-1 -6.82040606707115e-3 4.651793891974095e-3
6.5e-4 -7.705132427757888e-1 -7.262769247414519e-1 -7.705132427757888e-1 7.26276924741452e-3 -5.596059884357637e-3 -4.423631803433692e-2 -7.26276924741452e-3 3.212781702386305e-4 -7.262769247414519e-1 -7.262769247414519e-3 5.274781714119006e-3
6.6e-4 -8.090169943749468e-1 -7.676469595581993e-1 -8.090169943749468e-1 7.676469595581994e-3 -6.210394359628408e-3 -4.137003481674739e-2 -7.676469595581994e-3 3.175758144389299e-4 -7.676469595581993e-1 -7.676469595581993e-3 5.892818545189476e-3
6.699999999999999e-4 -8.443279255020149e-1 -8.059874425301071e-1 -8.443279255020149e-1 8.059874425301072e-3 -6.805177053321198e-3 -3.834048297190784e-2 -8.059874425301072e-3 3.0901947815897124e-4 -8.059874425301071e-1 -8.059874425301072e-3 6.4961575751622275e-3
6.799999999999999e-4 -8.763066800438631e-1 -8.411470612869851e-1 -8.763066800438631e-1 8.411470612869853e-3 -7.3710278870504995e-3 -3.515961875687801e-2 -8.411470612869853e-3 2.95744099933187e-4 -8.411470612869851e-1 -8.411470612869851e-3 7.075283787117311e-3
6.9e-4 -9.04827052466019e-1 -8.729870568765019e-1 -9.04827052466019e-1 8.729870568765022e-3 -7.899023055145504e-3 -3.1839995589517e-2 -8.729870568765022e-3 2.7795904040653254e-4 -8.729870568765019e-1 -8.72987056876502e-3 7.621064014738969e-3
6.999999999999999e-4 -9.297764858882511e-1 -9.013817713823765e-1 -9.297764858882511e-1 9.013817713823768e-3 -8.380835758396333e-3 -2.8394714505874608e-2 -9.013817713823768e-3 2.559447805920212e-4 -9.013817713823765e-1 -9.013817713823766e-3 8.124890977804309e-3
7.099999999999999e-4 -9.510565162951532e-1 -9.262191438387649e-1 -9.510565162951532e-1 9.26219143838765e-3 -8.808867522651753e-3 -2.4837372456388174e-2 -9.26219143838765e-3 2.3004849851760377e-4 -9.262191438387649e-1 -9.262191438387649e-3 8.578819024134146e-3
7.199999999999999e-4 -9.685831611286307e-1 -9.474011524836977e-1 -9.685831611286307e-1 9.47401152483698e-3 -9.176368031295682e-3 -2.1182008644933026e-2 -9.47401152483698e-3 2.0067859402129204e-4 -9.474011524836977e-1 -9.474011524836977e-3 8.975689437274387e-3
7.3e-4 -9.822872507286885e-1 -9.648442016061932e-1 -9.822872507286885e-1 9.648442016061933e-3 -9.477541581772641e-3 -1.744304912249528e-2 -9.648442016061933e-3 1.682982480417157e-4 -9.648442016061932e-1 -9.648442016061933e-3 9.309243333730925e-3
7.4e-4 -9.921147013144778e-1 -9.784794514603354e-1 -9.921147013144778e-1 9.784794514603358e-3 -9.707638487279251e-3 -1.363524985414244e-2 -9.784794514603358e-3 1.3341811797805918e-4 -9.784794514603354e-1 -9.784794514603354e-3 9.57422036930119e-3
7.499999999999999e-4 -9.980267284282716e-1 -9.882530899443035e-1 -9.980267284282716e-1 9.882530899443038e-3 -9.863029982162439e-3 -9.773638483968061e-3 -9.882530899443038e-3 9.658828431779998e-5 -9.882530899443035e-1 -9.882530899443034e-3 9.766441697844635e-3
7.599999999999999e-4 -1e+0 -9.941265449721517e-1 -1e+0 9.94126544972152e-3 -9.94126544972152e-3 -5.873455027848196e-3 -9.94126544972152e-3 5.8389575538840415e-5 -9.941265449721517e-1 -9.941265449721516e-3 9.882875874182675e-3
7.7e-4 -9.980267284282716e-1 -9.960766367002116e-1 -9.980267284282716e-1 9.960766367002119e-3 -9.941111069897484e-3 -1.9500917280599328e-3 -9.960766367002119e-3 1.942440809742842e-5 -9.960766367002116e-1 -9.960766367002117e-3 9.921686661800055e-3
7.799999999999999e-4 -9.92114701314478e-1 -9.940956690073448e-1 -9.92114701314478e-1 9.94095669007345e-3 -9.862569277352384e-3 1.9809676928668196e-3 -9.94095669007345e-3 -1.969271403922378e-5 -9.940956690073448e-1 -9.940956690073449e-3 9.882261991391606e-3
7.899999999999999e-4 -9.822872507286889e-1 -9.881914598680169e-1 -9.822872507286889e-1 9.88191459868017e-3 -9.70687872307324e-3 5.904209139328098e-3 -9.88191459868017e-3 -5.8344890487587215e-5 -9.881914598680169e-1 -9.88191459868017e-3 9.765223613560825e-3
7.999999999999999e-4 -9.685831611286313e-1 -9.783873104983242e-1 -9.685831611286313e-1 9.783873104983243e-3 -9.476494740106067e-3 9.80414936969276e-3 -9.783873104983243e-3 -9.592255333537541e-5 -9.783873104983242e-1 -9.783873104983241e-3 9.572417293441441e-3
8.1e-4 -9.510565162951539e-1 -9.647219133967389e-1 -9.510565162951539e-1 9.647219133967391e-3 -9.175050621486979e-3 1.3665397101585097e-2 -9.647219133967391e-3 -1.3183308039167428e-4 -9.647219133967389e-1 -9.64721913396739e-3 9.306883701878649e-3
8.2e-4 -9.297764858882516e-1 -9.472491996424953e-1 -9.297764858882516e-1 9.472491996424954e-3 -8.807300321040582e-3 1.747271375424375e-2 -9.472491996424954e-3 -1.6551014119289815e-4 -9.472491996424953e-1 -9.472491996424954e-3 8.97281046223348e-3
8.299999999999999e-4 -9.048270524660199e-1 -9.260381260542576e-1 -9.048270524660199e-1 9.260381260542577e-3 -8.379043480688306e-3 2.1211073588237706e-2 -9.260381260542577e-3 -1.9642262837250604e-4 -9.260381260542576e-1 -9.260381260542577e-3 8.575466109060811e-3
8.399999999999999e-4 -8.763066800438643e-1 -9.01172403049061e-1 -8.763066800438643e-1 9.01172403049061e-3 -7.897033966630738e-3 2.4865723005196627e-2 -9.01172403049061e-3 -2.2408303354145363e-4 -9.01172403049061e-1 -9.01172403049061e-3 8.121117000172193e-3
8.5e-4 -8.443279255020155e-1 -8.727501642755383e-1 -8.443279255020155e-1 8.727501642755384e-3 -7.368873356843086e-3 2.842223877352268e-2 -8.727501642755384e-3 -2.4805513558670496e-4 -8.727501642755383e-1 -8.727501642755384e-3 7.616928492429792e-3
8.599999999999999e-4 -8.090169943749481e-1 -8.408835793252433e-1 -8.090169943749481e-1 8.408835793252434e-3 -6.802891059649567e-3 3.186658495029504e-2 -8.408835793252434e-3 -2.679608801387603e-4 -8.408835793252433e-1 -8.408835793252432e-3 7.0708519397883265e-3
8.699999999999999e-4 -7.705132427757901e-1 -8.056984110505166e-1 -7.705132427757901e-1 8.056984110505167e-3 -6.208012953978352e-3 3.518516827472662e-2 -8.056984110505167e-3 -2.8348634171492285e-4 -8.056984110505166e-1 -8.056984110505167e-3 6.491499295693273e-3
8.799999999999999e-4 -7.289686274214121e-1 -7.673335192359644e-1 -7.289686274214121e-1 7.6733351923596455e-3 -5.593620622918828e-3 3.836489181455227e-2 -7.6733351923596455e-3 -2.9438667451167443e-4 -7.673335192359644e-1 -7.673335192359644e-3 5.888007297430501e-3
8.9e-4 -6.845471059286896e-1 -7.25940312582327e-1 -6.845471059286896e-1 7.259403125823272e-3 -4.969403400552004e-3 4.139320665363733e-2 -7.259403125823272e-3 -3.004899737692635e-4 -7.25940312582327e-1 -7.25940312582327e-3 5.269893374321267e-3
9e-4 -6.374239897486903e-1 -6.816821511655087e-1 -6.374239897486903e-1 6.816821511655088e-3 -4.345205565363885e-3 4.4258161416818376e-2 -6.816821511655088e-3 -3.016999868124707e-4 -6.816821511655087e-1 -6.816821511655087e-3 4.646905552176355e-3
9.099999999999999e-4 -5.87785252292474e-1 -6.347337017289914e-1 -5.87785252292474e-1 6.347337017289915e-3 -3.7308710900931124e-3 4.6948449436517325e-2 -6.347337017289915e-3 -2.979976310127703e-4 -6.347337017289914e-1 -6.347337017289914e-3 4.028868721105882e-3
9.199999999999999e-4 -5.358267949789979e-1 -5.852802483539946e-1 -5.358267949789979e-1 5.8528024835399475e-3 -3.136088396400329e-3 4.9453453374996736e-2 -5.8528024835399475e-3 -2.894412947328079e-4 -5.852802483539946e-1 -5.852802483539947e-3 3.4255296911331365e-3
9.299999999999999e-4 -4.817536741017161e-1 -5.335169612278553e-1 -4.817536741017161e-1 5.335169612278554e-3 -2.5702375626710217e-3 5.176328712613931e-2 -5.335169612278554e-3 -2.7616591650702813e-4 -5.335169612278553e-1 -5.335169612278553e-3 2.8464034791780488e-3
9.399999999999999e-4 -4.257792915650738e-1 -4.7964812639646465e-1 -4.257792915650738e-1 4.796481263964647e-3 -2.0422423945760174e-3 5.3868834831390766e-2 -4.796481263964647e-3 -2.58380856980372e-4 -4.7964812639646465e-1 -4.796481263964646e-3 2.300623251556389e-3
9.499999999999999e-4 -3.681245526846795e-1 -4.2388633954057203e-1 -3.681245526846795e-1 4.238863395405721e-3 -1.5604296913251927e-3 5.5761786855892614e-2 -4.238863395405721e-3 -2.3636659716585906e-4 -4.2388633954057203e-1 -4.23886339540572e-3 1.7967962884910512e-3
9.599999999999999e-4 -3.090169943749485e-1 -3.6645166695776027e-1 -3.090169943749485e-1 3.6645166695776035e-3 -1.1323979270697674e-3 5.743467258281176e-2 -3.6645166695776035e-3 -2.1047031509144546e-4 -3.6645166695776027e-1 -3.6645166695776026e-3 1.3428682421612124e-3
9.699999999999999e-4 -2.486898871648562e-1 -3.0757077706130825e-1 -2.486898871648562e-1 3.0757077706130833e-3 -7.648974184258392e-4 5.8880889896452016e-2 -3.0757077706130833e-3 -1.8110041059513085e-4 -3.0757077706130825e-1 -3.0757077706130825e-3 9.459978290209698e-4
9.8e-4 -1.8738131458572557e-1 -2.474760458235169e-1 -1.8738131458572557e-1 2.4747604582351698e-3 -4.637238679488787e-4 6.0094731237791355e-2 -2.4747604582351698e-3 -1.487200646155559e-4 -2.474760458235169e-1 -2.474760458235169e-3 6.124439325644344e-4
9.9e-4 -1.2533323356430465e-1 -1.864046396939108e-1 -1.2533323356430465e-1 1.8640463969391084e-3 -2.336269624422698e-4 6.1071406129606154e-2 -1.8640463969391084e-3 -1.1383993455189733e-4 -1.864046396939108e-1 -1.864046396939108e-3 3.4746689699416704e-4
1e-3 -6.279051952931415e-2 -1.2459757961161248e-1 -6.279051952931415e-2 1.245975796116125e-3 -7.823546755908228e-5 6.1807060082298346e-2 -1.245975796116125e-3 -7.701010089163884e-5 -1.2459757961161248e-1 -1.245975796116125e-3 1.5524556845072113e-4
1.0099999999999998e-3 -2.4492935982947064e-16 -6.229878980580637e-2 -2.4492935982947064e-16 6.229878980580638e-4 -1.5258802705286907e-19 6.229878980580612e-2 -6.229878980580638e-4 -3.881139211268029e-5 -6.229878980580637e-2 -6.229878980580638e-4 3.8811392112680445e-5
1.0199999999999999e-3 6.279051952931189e-2 2.458648617527509e-4 6.279051952931189e-2 -2.458648617527509e-6 -1.5437982403457674e-7 6.254465466755914e-2 2.458648617527509e-6 1.5377532873212974e-7 2.458648617527509e-4 2.458648617527509e-6 6.044953024469932e-10
1.0299999999999999e-3 1.253332335643024e-1 6.278954921302755e-2 1.253332335643024e-1 -6.278954921302757e-4 -7.869617236913644e-5 6.254368435127483e-2 6.278954921302757e-4 3.927089746538433e-5 6.278954921302755e-2 6.278954921302755e-4 3.942527490375209e-5
1.04e-3 1.8738131458572332e-1 1.2508543189937543e-1 1.8738131458572332e-1 -1.2508543189937546e-3 -2.3438672664827945e-4 6.2295882686347906e-2 1.2508543189937546e-3 7.792307391374653e-5 1.2508543189937543e-1 1.2508543189937544e-3 1.564636527345329e-4
1.05e-3 2.4868988716485316e-1 1.868876595321143e-1 2.4868988716485316e-1 -1.8688765953211433e-3 -4.6477070961545004e-4 6.1802227632738876e-2 1.8688765953211433e-3 1.1550073676153531e-4 1.868876595321143e-1 1.868876595321143e-3 3.4926997285391476e-4
1.06e-3 3.0901699437494634e-1 2.479523269535303e-1 3.0901699437494634e-1 -2.4795232695353038e-3 -7.662148282345395e-4 6.106466742141606e-2 2.4795232695353038e-3 1.514112638178355e-4 2.479523269535303e-1 2.4795232695353033e-3 6.148035644167039e-4
1.07e-3 3.6812455268467736e-1 3.0803843981910384e-1 3.6812455268467736e-1 -3.080384398191039e-3 -1.1339651286809353e-3 6.008611286557353e-2 3.080384398191039e-3 1.8508832461905855e-4 3.0803843981910384e-1 3.0803843981910385e-3 9.488768040618766e-4
1.0799999999999998e-3 4.2577929156507177e-1 3.669088656920878e-1 4.2577929156507177e-1 -3.669088656920879e-3 -1.5622219690332125e-3 5.887042587298397e-2 3.669088656920879e-3 2.160008117986669e-4 3.669088656920878e-1 3.669088656920878e-3 1.3462211572345451e-3
1.0899999999999998e-3 4.817536741017133e-1 4.2433126989690056e-1 4.817536741017133e-1 -4.243312698969006e-3 -2.0442314830907762e-3 5.742240420481276e-2 4.243312698969006e-3 2.4366121696761322e-4 4.2433126989690056e-1 4.243312698969006e-3 1.8005702661231628e-3
1.0999999999999998e-3 5.358267949789952e-1 4.8007903243794786e-1 5.358267949789952e-1 -4.800790324379479e-3 -2.572392092878427e-3 5.57477625410473e-2 4.800790324379479e-3 2.676333190128646e-4 4.8007903243794786e-1 4.800790324379479e-3 2.304758773865562e-3
1.1099999999999999e-3 5.877852522924715e-1 5.339321423652096e-1 5.877852522924715e-1 -5.339321423652097e-3 -3.138374390071946e-3 5.385310992726183e-2 5.339321423652097e-3 2.8753906356492054e-4 5.339321423652096e-1 5.339321423652096e-3 2.8508353265070245e-3
1.12e-3 6.374239897486885e-1 5.85678066056949e-1 6.374239897486885e-1 -5.856780660569492e-3 -3.733252495743165e-3 5.174592369173947e-2 5.856780660569492e-3 3.0306452514108445e-4 5.85678066056949e-1 5.85678066056949e-3 3.4301879706020795e-3
1.13e-3 6.84547105928688e-1 6.351125859928185e-1 6.84547105928688e-1 -6.351125859928186e-3 -4.347644826802689e-3 4.943451993586945e-2 6.351125859928186e-3 3.139648579378359e-4 6.351125859928185e-1 6.351125859928185e-3 4.033679968864853e-3
1.14e-3 7.289686274214106e-1 6.820406067071145e-1 7.289686274214106e-1 -6.820406067071147e-3 -4.9718620491695144e-3 4.6928020714296026e-2 6.820406067071147e-3 3.2006815719542504e-4 6.820406067071145e-1 6.820406067071146e-3 4.651793891974089e-3
1.15e-3 7.705132427757887e-1 7.262769247414517e-1 7.705132427757887e-1 -7.262769247414518e-3 -5.5960598843576344e-3 4.423631803433714e-2 7.262769247414518e-3 3.2127817023863204e-4 7.262769247414517e-1 7.2627692474145165e-3 5.274781714119003e-3
1.16e-3 8.090169943749468e-1 7.676469595581993e-1 8.090169943749468e-1 -7.676469595581994e-3 -6.210394359628408e-3 4.1370034816747614e-2 7.676469595581994e-3 3.1757581443893156e-4 7.676469595581993e-1 7.676469595581993e-3 5.892818545189476e-3
1.1699999999999998e-3 8.443279255020147e-1 8.059874425301069e-1 8.443279255020147e-1 -8.059874425301072e-3 -6.805177053321197e-3 3.834048297190784e-2 8.059874425301072e-3 3.0901947815897124e-4 8.059874425301069e-1 8.059874425301069e-3 6.496157575162223e-3
1.1799999999999998e-3 8.763066800438627e-1 8.411470612869848e-1 8.763066800438627e-1 -8.411470612869851e-3 -7.371027887050494e-3 3.51596187568779e-2 8.411470612869851e-3 2.9574409993318604e-4 8.411470612869848e-1 8.411470612869848e-3 7.075283787117305e-3
1.1899999999999999e-3 9.048270524660189e-1 8.729870568765019e-1 9.048270524660189e-1 -8.729870568765022e-3 -7.899023055145503e-3 3.183999558951711e-2 8.729870568765022e-3 2.779590404065335e-4 8.729870568765019e-1 8.72987056876502e-3 7.621064014738969e-3
1.2e-3 9.297764858882508e-1 9.013817713823765e-1 9.297764858882508e-1 -9.013817713823766e-3 -8.380835758396328e-3 2.8394714505874386e-2 9.013817713823766e-3 2.5594478059201917e-4 9.013817713823765e-1 9.013817713823766e-3 8.124890977804309e-3
1.21e-3 9.510565162951532e-1 9.262191438387649e-1 9.510565162951532e-1 -9.26219143838765e-3 -8.808867522651753e-3 2.4837372456388396e-2 9.26219143838765e-3 2.3004849851760583e-4 9.262191438387649e-1 9.262191438387649e-3 8.578819024134146e-3
1.22e-3 9.685831611286307e-1 9.474011524836977e-1 9.685831611286307e-1 -9.47401152483698e-3 -9.176368031295682e-3 2.1182008644933026e-2 9.47401152483698e-3 2.0067859402129204e-4 9.474011524836977e-1 9.474011524836977e-3 8.975689437274387e-3
1.23e-3 9.822872507286885e-1 9.648442016061932e-1 9.822872507286885e-1 -9.648442016061933e-3 -9.477541581772641e-3 1.744304912249528e-2 9.648442016061933e-3 1.682982480417157e-4 9.648442016061932e-1 9.648442016061933e-3 9.309243333730925e-3
1.2399999999999998e-3 9.921147013144777e-1 9.784794514603353e-1 9.921147013144777e-1 -9.784794514603356e-3 -9.707638487279248e-3 1.3635249854142328e-2 9.784794514603356e-3 1.3341811797805807e-4 9.784794514603353e-1 9.784794514603354e-3 9.574220369301188e-3
1.2499999999999998e-3 9.980267284282714e-1 9.882530899443035e-1 9.980267284282714e-1 -9.882530899443036e-3 -9.863029982162437e-3 9.77363848396795e-3 9.882530899443036e-3 9.658828431779885e-5 9.882530899443035e-1 9.882530899443034e-3 9.766441697844635e-3
1.2599999999999998e-3 1e+0 9.941265449721517e-1 1e+0 -9.94126544972152e-3 -9.94126544972152e-3 5.873455027848418e-3 9.94126544972152e-3 5.8389575538842624e-5 9.941265449721517e-1 9.941265449721516e-3 9.882875874182675e-3
1.2699999999999999e-3 9.980267284282717e-1 9.960766367002116e-1 9.980267284282717e-1 -9.960766367002119e-3 -9.941111069897486e-3 1.9500917280599328e-3 9.960766367002119e-3 1.942440809742842e-5 9.960766367002116e-1 9.960766367002117e-3 9.921686661800055e-3
1.2799999999999999e-3 9.921147013144781e-1 9.940956690073448e-1 9.921147013144781e-1 -9.94095669007345e-3 -9.862569277352384e-3 -1.9809676928668196e-3 9.94095669007345e-3 -1.969271403922378e-5 9.940956690073448e-1 9.940956690073449e-3 9.882261991391606e-3
1.29e-3 9.822872507286889e-1 9.881914598680169e-1 9.822872507286889e-1 -9.88191459868017e-3 -9.70687872307324e-3 -5.904209139328098e-3 9.88191459868017e-3 -5.8344890487587215e-5 9.881914598680169e-1 9.88191459868017e-3 9.765223613560825e-3
1.3e-3 9.685831611286315e-1 9.783873104983242e-1 9.685831611286315e-1 -9.783873104983243e-3 -9.476494740106069e-3 -9.80414936969276e-3 9.783873104983243e-3 -9.592255333537541e-5 9.783873104983242e-1 9.783873104983241e-3 9.572417293441441e-3
1.31e-3 9.510565162951542e-1 9.647219133967392e-1 9.510565162951542e-1 -9.647219133967393e-3 -9.175050621486984e-3 -1.3665397101584986e-2 9.647219133967393e-3 -1.3183308039167323e-4 9.647219133967392e-1 9.647219133967391e-3 9.306883701878654e-3
1.32e-3 9.297764858882517e-1 9.472491996424953e-1 9.297764858882517e-1 -9.472491996424956e-3 -8.807300321040585e-3 -1.747271375424364e-2 9.472491996424956e-3 -1.6551014119289714e-4 9.472491996424953e-1 9.472491996424954e-3 8.97281046223348e-3
1.3299999999999998e-3 9.0482705246602e-1 9.260381260542577e-1 9.0482705246602e-1 -9.260381260542579e-3 -8.379043480688308e-3 -2.1211073588237817e-2 9.260381260542579e-3 -1.964226283725071e-4 9.260381260542577e-1 9.260381260542577e-3 8.575466109060813e-3
1.3399999999999998e-3 8.763066800438643e-1 9.01172403049061e-1 8.763066800438643e-1 -9.01172403049061e-3 -7.897033966630738e-3 -2.4865723005196738e-2 9.01172403049061e-3 -2.2408303354145464e-4 9.01172403049061e-1 9.01172403049061e-3 8.121117000172193e-3
1.3499999999999999e-3 8.443279255020161e-1 8.727501642755384e-1 8.443279255020161e-1 -8.727501642755387e-3 -7.368873356843094e-3 -2.8422238773522346e-2 8.727501642755387e-3 -2.4805513558670214e-4 8.727501642755384e-1 8.727501642755384e-3 7.6169284924297925e-3
1.3599999999999999e-3 8.090169943749487e-1 8.408835793252437e-1 8.090169943749487e-1 -8.408835793252438e-3 -6.8028910596495745e-3 -3.186658495029493e-2 8.408835793252438e-3 -2.6796088013875943e-4 8.408835793252437e-1 8.408835793252438e-3 7.070851939788334e-3
1.37e-3 7.705132427757908e-1 8.056984110505173e-1 7.705132427757908e-1 -8.056984110505174e-3 -6.208012953978362e-3 -3.51851682747264e-2 8.056984110505174e-3 -2.8348634171492134e-4 8.056984110505173e-1 8.056984110505174e-3 6.4914992956932845e-3
1.38e-3 7.289686274214122e-1 7.673335192359648e-1 7.289686274214122e-1 -7.67333519235965e-3 -5.593620622918832e-3 -3.836489181455249e-2 7.67333519235965e-3 -2.9438667451167633e-4 7.673335192359648e-1 7.673335192359648e-3 5.888007297430508e-3
1.39e-3 6.845471059286897e-1 7.259403125823273e-1 6.845471059286897e-1 -7.259403125823274e-3 -4.969403400552006e-3 -4.139320665363755e-2 7.259403125823274e-3 -3.004899737692652e-4 7.259403125823273e-1 7.259403125823273e-3 5.2698933743212705e-3
1.3999999999999998e-3 6.374239897486911e-1 6.816821511655092e-1 6.374239897486911e-1 -6.816821511655094e-3 -4.345205565363893e-3 -4.425816141681804e-2 6.816821511655094e-3 -3.016999868124687e-4 6.816821511655092e-1 6.816821511655092e-3 4.646905552176362e-3
1.4099999999999998e-3 5.877852522924748e-1 6.34733701728992e-1 5.877852522924748e-1 -6.347337017289921e-3 -3.7308710900931207e-3 -4.6948449436517214e-2 6.347337017289921e-3 -2.9799763101276985e-4 6.34733701728992e-1 6.34733701728992e-3 4.02886872110589e-3
1.4199999999999998e-3 5.358267949789988e-1 5.852802483539954e-1 5.358267949789988e-1 -5.852802483539955e-3 -3.1360883964003383e-3 -4.9453453374996625e-2 5.852802483539955e-3 -2.8944129473280764e-4 5.852802483539954e-1 5.8528024835399544e-3 3.4255296911331456e-3
1.4299999999999998e-3 4.8175367410171777e-1 5.335169612278566e-1 4.8175367410171777e-1 -5.335169612278568e-3 -2.5702375626710373e-3 -5.176328712613876e-2 5.335169612278568e-3 -2.761659165070259e-4 5.335169612278566e-1 5.335169612278566e-3 2.8464034791780626e-3
1.4399999999999999e-3 4.2577929156507394e-1 4.7964812639646526e-1 4.2577929156507394e-1 -4.796481263964654e-3 -2.042242394576021e-3 -5.386883483139138e-2 4.796481263964654e-3 -2.583808569803753e-4 4.7964812639646526e-1 4.796481263964653e-3 2.3006232515563954e-3
1.45e-3 3.681245526846796e-1 4.238863395405725e-1 3.681245526846796e-1 -4.238863395405725e-3 -1.5604296913251947e-3 -5.576178685589289e-2 4.238863395405725e-3 -2.363665971658605e-4 4.238863395405725e-1 4.2388633954057245e-3 1.7967962884910549e-3
1.46e-3 3.0901699437494945e-1 3.6645166695776094e-1 3.0901699437494945e-1 -3.66451666957761e-3 -1.1323979270697728e-3 -5.743467258281154e-2 3.66451666957761e-3 -2.1047031509144502e-4 3.6645166695776094e-1 3.6645166695776095e-3 1.3428682421612174e-3
1.47e-3 2.486898871648555e-1 3.075707770613082e-1 2.486898871648555e-1 -3.0757077706130825e-3 -7.648974184258367e-4 -5.888088989645274e-2 3.0757077706130825e-3 -1.8110041059513302e-4 3.075707770613082e-1 3.075707770613082e-3 9.459978290209695e-4
1.48e-3 1.8738131458572568e-1 2.4747604582351695e-1 1.8738131458572568e-1 -2.47476045823517e-3 -4.637238679488791e-4 -6.0094731237791243e-2 2.47476045823517e-3 -1.4872006461555566e-4 2.4747604582351695e-1 2.4747604582351698e-3 6.124439325644347e-4
1.4899999999999998e-3 1.2533323356430567e-1 1.8640463969391133e-1 1.2533323356430567e-1 -1.8640463969391136e-3 -2.3362696244227238e-4 -6.107140612960568e-2 1.8640463969391136e-3 -1.1383993455189677e-4 1.8640463969391133e-1 1.8640463969391134e-3 3.4746689699416904e-4
1.4999999999999998e-3 6.279051952931516e-2 1.2459757961161326e-1 6.279051952931516e-2 -1.2459757961161327e-3 -7.823546755908405e-5 -6.1807060082298096e-2 1.2459757961161327e-3 -7.701010089163902e-5 1.2459757961161326e-1 1.2459757961161327e-3 1.5524556845072305e-4
1.5099999999999998e-3 2.1437508791444563e-15 6.2298789805807706e-2 2.1437508791444563e-15 -6.229878980580771e-4 -1.3355308541583597e-18 -6.229878980580557e-2 6.229878980580771e-4 -3.881139211268077e-5 6.2298789805807706e-2 6.229878980580771e-4 3.8811392112682105e-5
1.5199999999999999e-3 -6.279051952931088e-2 -2.4586486175157823e-4 -6.279051952931088e-2 2.458648617515782e-6 -1.5437982403383791e-7 -6.254465466755929e-2 -2.458648617515782e-6 1.5377532873139666e-7 -2.4586486175157823e-4 -2.458648617515782e-6 6.044953024412268e-10
1.53e-3 -1.2533323356430318e-1 -6.278954921302736e-2 -1.2533323356430318e-1 6.278954921302738e-4 -7.869617236913668e-5 -6.25436843512758e-2 -6.278954921302738e-4 3.927089746538482e-5 -6.278954921302736e-2 -6.278954921302737e-4 3.942527490375185e-5
1.54e-3 -1.873813145857232e-1 -1.250854318993753e-1 -1.873813145857232e-1 1.2508543189937529e-3 -2.3438672664827898e-4 -6.2295882686347906e-2 -1.2508543189937529e-3 7.792307391374643e-5 -1.250854318993753e-1 -1.2508543189937529e-3 1.5646365273453254e-4
1.55e-3 -2.4868988716485305e-1 -1.8688765953211414e-1 -2.4868988716485305e-1 1.8688765953211418e-3 -4.647707096154495e-4 -6.1802227632738904e-2 -1.8688765953211418e-3 1.1550073676153527e-4 -1.8688765953211414e-1 -1.8688765953211416e-3 3.4926997285391416e-4
1.5599999999999998e-3 -3.090169943749454e-1 -2.4795232695352978e-1 -3.090169943749454e-1 2.479523269535298e-3 -7.662148282345354e-4 -6.106466742141564e-2 -2.479523269535298e-3 1.5141126381783412e-4 -2.4795232695352978e-1 -2.4795232695352977e-3 6.148035644167013e-4
1.5699999999999998e-3 -3.6812455268467564e-1 -3.0803843981910267e-1 -3.6812455268467564e-1 3.0803843981910273e-3 -1.1339651286809257e-3 -6.0086112865572944e-2 -3.0803843981910273e-3 1.8508832461905606e-4 -3.0803843981910267e-1 -3.080384398191027e-3 9.488768040618695e-4
1.5799999999999998e-3 -4.2577929156507005e-1 -3.6690886569208636e-1 -4.2577929156507005e-1 3.669088656920864e-3 -1.5622219690332e-3 -5.887042587298369e-2 -3.669088656920864e-3 2.16000811798665e-4 -3.6690886569208636e-1 -3.6690886569208637e-3 1.3462211572345347e-3
1.5899999999999998e-3 -4.81753674101714e-1 -4.243312698969002e-1 -4.81753674101714e-1 4.243312698969002e-3 -2.044231483090777e-3 -5.7422404204813815e-2 -4.243312698969002e-3 2.436612169676175e-4 -4.243312698969002e-1 -4.2433126989690016e-3 1.8005702661231594e-3
1.5999999999999999e-3 -5.358267949789951e-1 -4.800790324379476e-1 -5.358267949789951e-1 4.800790324379477e-3 -2.5723920928784256e-3 -5.574776254104752e-2 -4.800790324379477e-3 2.676333190128656e-4 -4.800790324379476e-1 -4.800790324379476e-3 2.3047587738655594e-3
1.6099999999999999e-3 -5.877852522924714e-1 -5.339321423652095e-1 -5.877852522924714e-1 5.339321423652096e-3 -3.1383743900719446e-3 -5.385310992726189e-2 -5.339321423652096e-3 2.8753906356492076e-4 -5.339321423652095e-1 -5.3393214236520945e-3 2.850835326507023e-3
1.62e-3 -6.374239897486877e-1 -5.856780660569487e-1 -6.374239897486877e-1 5.856780660569487e-3 -3.7332524957431573e-3 -5.1745923691739026e-2 -5.856780660569487e-3 3.030645251410816e-4 -5.856780660569487e-1 -5.856780660569487e-3 3.4301879706020756e-3
1.63e-3 -6.845471059286878e-1 -6.351125859928182e-1 -6.845471059286878e-1 6.351125859928183e-3 -4.3476448268026865e-3 -4.943451993586967e-2 -6.351125859928183e-3 3.1396485793783717e-4 -6.351125859928182e-1 -6.351125859928182e-3 4.033679968864849e-3
1.64e-3 -7.289686274214106e-1 -6.820406067071144e-1 -7.289686274214106e-1 6.820406067071146e-3 -4.9718620491695144e-3 -4.692802071429625e-2 -6.820406067071146e-3 3.2006815719542656e-4 -6.820406067071144e-1 -6.820406067071144e-3 4.651793891974087e-3
1.6499999999999998e-3 -7.70513242775788e-1 -7.262769247414512e-1 -7.70513242775788e-1 7.262769247414514e-3 -5.596059884357627e-3 -4.423631803433681e-2 -7.262769247414514e-3 3.2127817023862944e-4 -7.262769247414512e-1 -7.262769247414512e-3 5.274781714118996e-3
1.6599999999999998e-3 -8.090169943749461e-1 -7.676469595581986e-1 -8.090169943749461e-1 7.676469595581987e-3 -6.2103943596283975e-3 -4.137003481674739e-2 -7.676469595581987e-3 3.175758144389296e-4 -7.676469595581986e-1 -7.6764695955819865e-3 5.892818545189467e-3
1.6699999999999998e-3 -8.443279255020137e-1 -8.059874425301062e-1 -8.443279255020137e-1 8.059874425301063e-3 -6.805177053321182e-3 -3.834048297190762e-2 -8.059874425301063e-3 3.0901947815896913e-4 -8.059874425301062e-1 -8.059874425301063e-3 6.496157575162214e-3
1.6799999999999999e-3 -8.763066800438621e-1 -8.411470612869841e-1 -8.763066800438621e-1 8.411470612869842e-3 -7.371027887050482e-3 -3.51596187568779e-2 -8.411470612869842e-3 2.957440999331857e-4 -8.411470612869841e-1 -8.41147061286984e-3 7.075283787117294e-3
1.6899999999999999e-3 -9.048270524660189e-1 -8.729870568765016e-1 -9.048270524660189e-1 8.729870568765017e-3 -7.899023055145497e-3 -3.1839995589517445e-2 -8.729870568765017e-3 2.779590404065363e-4 -8.729870568765016e-1 -8.729870568765017e-3 7.621064014738963e-3
1.7e-3 -9.297764858882507e-1 -9.01381771382376e-1 -9.297764858882507e-1 9.013817713823763e-3 -8.380835758396323e-3 -2.8394714505874608e-2 -9.013817713823763e-3 2.5594478059202106e-4 -9.01381771382376e-1 -9.01381771382376e-3 8.124890977804299e-3
1.71e-3 -9.510565162951529e-1 -9.262191438387644e-1 -9.510565162951529e-1 9.262191438387647e-3 -8.808867522651746e-3 -2.4837372456388396e-2 -9.262191438387647e-3 2.3004849851760575e-4 -9.262191438387644e-1 -9.262191438387643e-3 8.578819024134137e-3
1.7199999999999997e-3 -9.68583161128631e-1 -9.474011524836976e-1 -9.68583161128631e-1 9.474011524836979e-3 -9.176368031295682e-3 -2.1182008644933248e-2 -9.474011524836979e-3 2.006785940212941e-4 -9.474011524836976e-1 -9.474011524836977e-3 8.975689437274385e-3
1.7299999999999998e-3 -9.822872507286882e-1 -9.648442016061929e-1 -9.822872507286882e-1 9.648442016061931e-3 -9.477541581772636e-3 -1.744304912249528e-2 -9.648442016061931e-3 1.6829824804171566e-4 -9.648442016061929e-1 -9.64844201606193e-3 9.309243333730918e-3
1.7399999999999998e-3 -9.921147013144774e-1 -9.784794514603353e-1 -9.921147013144774e-1 9.784794514603354e-3 -9.707638487279244e-3 -1.3635249854142217e-2 -9.784794514603354e-3 1.3341811797805696e-4 -9.784794514603353e-1 -9.784794514603354e-3 9.574220369301188e-3
1.7499999999999998e-3 -9.980267284282714e-1 -9.882530899443034e-1 -9.980267284282714e-1 9.882530899443034e-3 -9.863029982162435e-3 -9.773638483968061e-3 -9.882530899443034e-3 9.658828431779994e-5 -9.882530899443034e-1 -9.882530899443034e-3 9.766441697844635e-3
1.7599999999999998e-3 -1e+0 -9.941265449721517e-1 -1e+0 9.941265449721518e-3 -9.941265449721518e-3 -5.873455027848307e-3 -9.941265449721518e-3 5.8389575538841506e-5 -9.941265449721517e-1 -9.941265449721516e-3 9.882875874182675e-3
1.7699999999999999e-3 -9.980267284282717e-1 -9.960766367002116e-1 -9.980267284282717e-1 9.960766367002119e-3 -9.941111069897486e-3 -1.9500917280601548e-3 -9.960766367002119e-3 1.9424408097430634e-5 -9.960766367002116e-1 -9.960766367002117e-3 9.921686661800055e-3
1.78e-3 -9.92114701314478e-1 -9.940956690073448e-1 -9.92114701314478e-1 9.94095669007345e-3 -9.862569277352384e-3 1.9809676928668196e-3 -9.94095669007345e-3 -1.969271403922378e-5 -9.940956690073448e-1 -9.940956690073449e-3 9.882261991391606e-3
1.79e-3 -9.822872507286889e-1 -9.881914598680169e-1 -9.822872507286889e-1 9.88191459868017e-3 -9.70687872307324e-3 5.904209139328098e-3 -9.88191459868017e-3 -5.8344890487587215e-5 -9.881914598680169e-1 -9.88191459868017e-3 9.765223613560825e-3
1.8e-3 -9.685831611286316e-1 -9.783873104983242e-1 -9.685831611286316e-1 9.783873104983245e-3 -9.476494740106072e-3 9.804149369692539e-3 -9.783873104983245e-3 -9.592255333537326e-5 -9.783873104983242e-1 -9.783873104983241e-3 9.572417293441441e-3
1.8099999999999998e-3 -9.510565162951543e-1 -9.647219133967394e-1 -9.510565162951543e-1 9.647219133967395e-3 -9.175050621486986e-3 1.3665397101584986e-2 -9.647219133967395e-3 -1.3183308039167325e-4 -9.647219133967394e-1 -9.647219133967395e-3 9.30688370187866e-3
1.8199999999999998e-3 -9.297764858882523e-1 -9.472491996424959e-1 -9.297764858882523e-1 9.47249199642496e-3 -8.807300321040594e-3 1.747271375424353e-2 -9.47249199642496e-3 -1.6551014119289614e-4 -9.472491996424959e-1 -9.47249199642496e-3 8.97281046223349e-3
1.8299999999999998e-3 -9.048270524660208e-1 -9.260381260542583e-1 -9.048270524660208e-1 9.260381260542586e-3 -8.379043480688322e-3 2.1211073588237372e-2 -9.260381260542586e-3 -1.9642262837250314e-4 -9.260381260542583e-1 -9.260381260542584e-3 8.575466109060825e-3
1.8399999999999998e-3 -8.763066800438644e-1 -9.011724030490614e-1 -8.763066800438644e-1 9.011724030490616e-3 -7.897033966630744e-3 2.486572300519707e-2 -9.011724030490616e-3 -2.2408303354145778e-4 -9.011724030490614e-1 -9.011724030490614e-3 8.1211170001722e-3
1.8499999999999999e-3 -8.443279255020161e-1 -8.727501642755386e-1 -8.443279255020161e-1 8.72750164275539e-3 -7.368873356843095e-3 2.8422238773522568e-2 -8.72750164275539e-3 -2.4805513558670415e-4 -8.727501642755386e-1 -8.727501642755387e-3 7.616928492429798e-3
1.8599999999999999e-3 -8.090169943749488e-1 -8.408835793252438e-1 -8.090169943749488e-1 8.40883579325244e-3 -6.802891059649577e-3 3.186658495029504e-2 -8.40883579325244e-3 -2.6796088013876046e-4 -8.408835793252438e-1 -8.408835793252438e-3 7.070851939788336e-3
1.87e-3 -7.705132427757909e-1 -8.056984110505173e-1 -7.705132427757909e-1 8.056984110505174e-3 -6.208012953978363e-3 3.518516827472651e-2 -8.056984110505174e-3 -2.834863417149222e-4 -8.056984110505173e-1 -8.056984110505174e-3 6.4914992956932845e-3
1.8799999999999997e-3 -7.289686274214123e-1 -7.673335192359648e-1 -7.289686274214123e-1 7.67333519235965e-3 -5.5936206229188325e-3 3.836489181455249e-2 -7.67333519235965e-3 -2.9438667451167633e-4 -7.673335192359648e-1 -7.673335192359648e-3 5.888007297430508e-3
1.8899999999999998e-3 -6.845471059286911e-1 -7.259403125823279e-1 -6.845471059286911e-1 7.259403125823281e-3 -4.96940340055202e-3 4.139320665363688e-2 -7.259403125823281e-3 -3.004899737692606e-4 -7.259403125823279e-1 -7.25940312582328e-3 5.26989337432128e-3
1.8999999999999998e-3 -6.374239897486912e-1 -6.816821511655096e-1 -6.374239897486912e-1 6.816821511655097e-3 -4.345205565363896e-3 4.4258161416818376e-2 -6.816821511655097e-3 -3.016999868124711e-4 -6.816821511655096e-1 -6.816821511655096e-3 4.646905552176366e-3
1.9099999999999998e-3 -5.877852522924749e-1 -6.347337017289922e-1 -5.877852522924749e-1 6.347337017289924e-3 -3.730871090093123e-3 4.6948449436517325e-2 -6.347337017289924e-3 -2.9799763101277067e-4 -6.347337017289922e-1 -6.347337017289923e-3 4.028868721105893e-3
1.9199999999999998e-3 -5.358267949789988e-1 -5.852802483539955e-1 -5.358267949789988e-1 5.852802483539956e-3 -3.1360883964003388e-3 4.9453453374996736e-2 -5.852802483539956e-3 -2.8944129473280835e-4 -5.852802483539955e-1 -5.852802483539955e-3 3.425529691133147e-3
1.9299999999999999e-3 -4.817536741017179e-1 -5.335169612278566e-1 -4.817536741017179e-1 5.335169612278568e-3 -2.5702375626710378e-3 5.176328712613887e-2 -5.335169612278568e-3 -2.761659165070265e-4 -5.335169612278566e-1 -5.335169612278566e-3 2.8464034791780626e-3
1.9399999999999999e-3 -4.2577929156507405e-1 -4.796481263964654e-1 -4.2577929156507405e-1 4.796481263964655e-3 -2.0422423945760217e-3 5.386883483139132e-2 -4.796481263964655e-3 -2.5838085698037507e-4 -4.796481263964654e-1 -4.796481263964654e-3 2.3006232515563967e-3
1.95e-3 -3.681245526846797e-1 -4.238863395405726e-1 -3.681245526846797e-1 4.238863395405726e-3 -1.5604296913251956e-3 5.5761786855892836e-2 -4.238863395405726e-3 -2.363665971658603e-4 -4.238863395405726e-1 -4.238863395405726e-3 1.7967962884910562e-3
1.96e-3 -3.0901699437494956e-1 -3.6645166695776105e-1 -3.0901699437494956e-1 3.6645166695776113e-3 -1.1323979270697736e-3 5.743467258281154e-2 -3.6645166695776113e-3 -2.1047031509144508e-4 -3.6645166695776105e-1 -3.6645166695776104e-3 1.3428682421612183e-3
1.97e-3 -2.486898871648556e-1 -3.075707770613083e-1 -2.486898871648556e-1 3.0757077706130838e-3 -7.648974184258373e-4 5.888088989645274e-2 -3.0757077706130838e-3 -1.811004105951331e-4 -3.075707770613083e-1 -3.0757077706130833e-3 9.459978290209702e-4
1.98e-3 -1.873813145857258e-1 -2.474760458235171e-1 -1.873813145857258e-1 2.474760458235171e-3 -4.637238679488795e-4 6.009473123779127e-2 -2.474760458235171e-3 -1.4872006461555577e-4 -2.474760458235171e-1 -2.474760458235171e-3 6.124439325644353e-4
1.99e-3 -1.2533323356430578e-1 -1.8640463969391144e-1 -1.2533323356430578e-1 1.8640463969391147e-3 -2.336269624422727e-4 6.1071406129605654e-2 -1.8640463969391147e-3 -1.1383993455189679e-4 -1.8640463969391144e-1 -1.8640463969391145e-3 3.474668969941695e-4
2e-3 -6.279051952931528e-2 -1.2459757961161337e-1 -6.279051952931528e-2 1.2459757961161338e-3 -7.823546755908425e-5 6.1807060082298096e-2 -1.2459757961161338e-3 -7.701010089163909e-5 -1.2459757961161337e-1 -1.2459757961161338e-3 1.5524556845072332e-4
2.0099999999999996e-3 -4.898587196589413e-16 -6.2298789805806935e-2 -4.898587196589413e-16 6.229878980580694e-4 -3.051760541057409e-19 6.229878980580645e-2 -6.229878980580694e-4 -3.8811392112680844e-5 -6.2298789805806935e-2 -6.229878980580694e-4 3.881139211268114e-5
2.0199999999999997e-3 6.279051952930899e-2 2.4586486175101965e-4 6.279051952930899e-2 -2.4586486175101964e-6 -1.5437982403348253e-7 6.254465466755797e-2 2.4586486175101964e-6 1.5377532873104405e-7 2.4586486175101965e-4 2.4586486175101964e-6 6.0449530243848e-10
2.0299999999999997e-3 1.253332335643013e-1 6.278954921302614e-2 1.253332335643013e-1 -6.278954921302615e-4 -7.869617236913397e-5 6.254368435127515e-2 6.278954921302615e-4 3.927089746538365e-5 6.278954921302614e-2 6.278954921302614e-4 3.942527490375031e-5
2.0399999999999997e-3 1.8738131458572135e-1 1.2508543189937374e-1 1.8738131458572135e-1 -1.2508543189937377e-3 -2.343867266482738e-4 6.229588268634763e-2 1.2508543189937377e-3 7.792307391374514e-5 1.2508543189937374e-1 1.2508543189937375e-3 1.5646365273452867e-4
2.0499999999999997e-3 2.4868988716485121e-1 1.8688765953211248e-1 2.4868988716485121e-1 -1.868876595321125e-3 -4.647707096154419e-4 6.180222763273874e-2 1.868876595321125e-3 1.1550073676153393e-4 1.8688765953211248e-1 1.8688765953211249e-3 3.492699728539079e-4
2.0599999999999998e-3 3.0901699437494523e-1 2.4795232695352884e-1 3.0901699437494523e-1 -2.4795232695352886e-3 -7.66214828234532e-4 6.106466742141636e-2 2.4795232695352886e-3 1.514112638178353e-4 2.4795232695352884e-1 2.4795232695352886e-3 6.148035644166967e-4
2.07e-3 3.6812455268467553e-1 3.0803843981910217e-1 3.6812455268467553e-1 -3.0803843981910225e-3 -1.1339651286809236e-3 6.008611286557339e-2 3.0803843981910225e-3 1.8508832461905714e-4 3.0803843981910217e-1 3.0803843981910216e-3 9.488768040618663e-4
2.08e-3 4.2577929156506994e-1 3.669088656920861e-1 4.2577929156506994e-1 -3.6690886569208615e-3 -1.5622219690331984e-3 5.887042587298391e-2 3.6690886569208615e-3 2.1600081179866566e-4 3.669088656920861e-1 3.669088656920861e-3 1.3462211572345328e-3
2.09e-3 4.817536741017123e-1 4.2433126989689923e-1 4.817536741017123e-1 -4.243312698968993e-3 -2.0442314830907654e-3 5.742240420481315e-2 4.243312698968993e-3 2.4366121696761412e-4 4.2433126989689923e-1 4.243312698968992e-3 1.8005702661231513e-3
2.1e-3 5.35826794978995e-1 4.800790324379471e-1 5.35826794978995e-1 -4.800790324379471e-3 -2.5723920928784217e-3 5.574776254104785e-2 4.800790324379471e-3 2.676333190128669e-4 4.800790324379471e-1 4.800790324379471e-3 2.3047587738655546e-3
2.11e-3 5.877852522924712e-1 5.339321423652091e-1 5.877852522924712e-1 -5.339321423652093e-3 -3.138374390071942e-3 5.3853109927262166e-2 5.339321423652093e-3 2.8753906356492206e-4 5.339321423652091e-1 5.339321423652092e-3 2.8508353265070197e-3
2.12e-3 6.374239897486876e-1 5.856780660569484e-1 6.374239897486876e-1 -5.856780660569485e-3 -3.7332524957431556e-3 5.174592369173925e-2 5.856780660569485e-3 3.0306452514108277e-4 5.856780660569484e-1 5.856780660569484e-3 3.430187970602072e-3
2.13e-3 6.845471059286878e-1 6.351125859928181e-1 6.845471059286878e-1 -6.351125859928182e-3 -4.347644826802686e-3 4.943451993586967e-2 6.351125859928182e-3 3.139648579378371e-4 6.351125859928181e-1 6.351125859928181e-3 4.033679968864847e-3
2.14e-3 7.289686274214104e-1 6.820406067071142e-1 7.289686274214104e-1 -6.820406067071143e-3 -4.971862049169512e-3 4.692802071429614e-2 6.820406067071143e-3 3.2006815719542563e-4 6.820406067071142e-1 6.820406067071142e-3 4.651793891974084e-3
2.15e-3 7.70513242775788e-1 7.262769247414511e-1 7.70513242775788e-1 -7.262769247414512e-3 -5.596059884357625e-3 4.423631803433692e-2 7.262769247414512e-3 3.2127817023863014e-4 7.262769247414511e-1 7.262769247414511e-3 5.274781714118995e-3
2.1599999999999996e-3 8.090169943749471e-1 7.676469595581991e-1 8.090169943749471e-1 -7.676469595581992e-3 -6.210394359628409e-3 4.137003481674795e-2 7.676469595581992e-3 3.1757581443893405e-4 7.676469595581991e-1 7.676469595581991e-3 5.892818545189474e-3
2.1699999999999996e-3 8.443279255020127e-1 8.059874425301059e-1 8.443279255020127e-1 -8.05987442530106e-3 -6.805177053321171e-3 3.834048297190684e-2 8.05987442530106e-3 3.0901947815896273e-4 8.059874425301059e-1 8.05987442530106e-3 6.4961575751622085e-3
2.1799999999999996e-3 8.763066800438621e-1 8.41147061286984e-1 8.763066800438621e-1 -8.41147061286984e-3 -7.37102788705048e-3 3.515961875687812e-2 8.41147061286984e-3 2.9574409993318756e-4 8.41147061286984e-1 8.41147061286984e-3 7.075283787117293e-3
2.1899999999999997e-3 9.048270524660181e-1 8.72987056876501e-1 9.048270524660181e-1 -8.729870568765013e-3 -7.899023055145489e-3 3.183999558951722e-2 8.729870568765013e-3 2.779590404065342e-4 8.72987056876501e-1 8.72987056876501e-3 7.621064014738952e-3
2.1999999999999997e-3 9.2977648588825e-1 9.013817713823756e-1 9.2977648588825e-1 -9.013817713823757e-3 -8.380835758396312e-3 2.8394714505874386e-2 9.013817713823757e-3 2.5594478059201895e-4 9.013817713823756e-1 9.013817713823756e-3 8.124890977804292e-3
2.2099999999999997e-3 9.510565162951523e-1 9.26219143838764e-1 9.510565162951523e-1 -9.262191438387642e-3 -8.808867522651736e-3 2.4837372456388396e-2 9.262191438387642e-3 2.3004849851760562e-4 9.26219143838764e-1 9.26219143838764e-3 8.57881902413413e-3
2.2199999999999998e-3 9.685831611286304e-1 9.474011524836973e-1 9.685831611286304e-1 -9.474011524836973e-3 -9.176368031295672e-3 2.1182008644933248e-2 9.474011524836973e-3 2.00678594021294e-4 9.474011524836973e-1 9.474011524836973e-3 8.975689437274378e-3
2.2299999999999998e-3 9.822872507286882e-1 9.648442016061927e-1 9.822872507286882e-1 -9.64844201606193e-3 -9.477541581772634e-3 1.7443049122495613e-2 9.64844201606193e-3 1.6829824804171886e-4 9.648442016061927e-1 9.648442016061926e-3 9.309243333730913e-3
2.24e-3 9.921147013144774e-1 9.78479451460335e-1 9.921147013144774e-1 -9.784794514603352e-3 -9.707638487279242e-3 1.3635249854142328e-2 9.784794514603352e-3 1.3341811797805802e-4 9.78479451460335e-1 9.78479451460335e-3 9.574220369301181e-3
2.25e-3 9.980267284282714e-1 9.882530899443032e-1 9.980267284282714e-1 -9.882530899443034e-3 -9.863029982162435e-3 9.773638483968172e-3 9.882530899443034e-3 9.658828431780104e-5 9.882530899443032e-1 9.882530899443033e-3 9.76644169784463e-3
2.26e-3 1e+0 9.941265449721517e-1 1e+0 -9.941265449721518e-3 -9.941265449721518e-3 5.873455027848307e-3 9.941265449721518e-3 5.8389575538841506e-5 9.941265449721517e-1 9.941265449721516e-3 9.882875874182675e-3
2.27e-3 9.980267284282718e-1 9.960766367002116e-1 9.980267284282718e-1 -9.960766367002119e-3 -9.941111069897488e-3 1.9500917280601548e-3 9.960766367002119e-3 1.9424408097430634e-5 9.960766367002116e-1 9.960766367002117e-3 9.921686661800055e-3
2.28e-3 9.921147013144782e-1 9.940956690073449e-1 9.921147013144782e-1 -9.940956690073452e-3 -9.862569277352387e-3 -1.9809676928667086e-3 9.940956690073452e-3 -1.9692714039222677e-5 9.940956690073449e-1 9.940956690073449e-3 9.882261991391606e-3
2.29e-3 9.822872507286889e-1 9.88191459868017e-1 9.822872507286889e-1 -9.881914598680172e-3 -9.706878723073242e-3 -5.904209139328098e-3 9.881914598680172e-3 -5.834489048758723e-5 9.88191459868017e-1 9.88191459868017e-3 9.765223613560827e-3
2.3e-3 9.685831611286316e-1 9.783873104983244e-1 9.685831611286316e-1 -9.783873104983245e-3 -9.476494740106072e-3 -9.80414936969265e-3 9.783873104983245e-3 -9.592255333537434e-5 9.783873104983244e-1 9.783873104983245e-3 9.572417293441446e-3
2.31e-3 9.510565162951543e-1 9.647219133967394e-1 9.510565162951543e-1 -9.647219133967395e-3 -9.175050621486986e-3 -1.3665397101584986e-2 9.647219133967395e-3 -1.3183308039167325e-4 9.647219133967394e-1 9.647219133967395e-3 9.30688370187866e-3
2.32e-3 9.297764858882518e-1 9.472491996424955e-1 9.297764858882518e-1 -9.472491996424956e-3 -8.807300321040585e-3 -1.7472713754243863e-2 9.472491996424956e-3 -1.6551014119289923e-4 9.472491996424955e-1 9.472491996424956e-3 8.972810462233484e-3
2.3299999999999996e-3 9.048270524660201e-1 9.260381260542577e-1 9.048270524660201e-1 -9.26038126054258e-3 -8.379043480688311e-3 -2.1211073588237594e-2 9.26038126054258e-3 -1.964226283725051e-4 9.260381260542577e-1 9.260381260542577e-3 8.575466109060813e-3
2.3399999999999996e-3 8.763066800438652e-1 9.011724030490617e-1 8.763066800438652e-1 -9.011724030490617e-3 -7.897033966630754e-3 -2.4865723005196294e-2 9.011724030490617e-3 -2.2408303354145082e-4 9.011724030490617e-1 9.011724030490617e-3 8.121117000172205e-3
2.3499999999999997e-3 8.443279255020171e-1 8.727501642755393e-1 8.443279255020171e-1 -8.727501642755396e-3 -7.3688733568431095e-3 -2.8422238773522124e-2 8.727501642755396e-3 -2.4805513558670046e-4 8.727501642755393e-1 8.727501642755393e-3 7.616928492429808e-3
2.3599999999999997e-3 8.090169943749499e-1 8.408835793252447e-1 8.090169943749499e-1 -8.408835793252448e-3 -6.802891059649593e-3 -3.186658495029482e-2 8.408835793252448e-3 -2.6796088013875883e-4 8.408835793252447e-1 8.408835793252448e-3 7.070851939788352e-3
2.3699999999999997e-3 7.705132427757909e-1 8.056984110505176e-1 7.705132427757909e-1 -8.05698411050518e-3 -6.208012953978367e-3 -3.518516827472684e-2 8.05698411050518e-3 -2.834863417149251e-4 8.056984110505176e-1 8.056984110505176e-3 6.491499295693289e-3
2.3799999999999997e-3 7.289686274214137e-1 7.673335192359657e-1 7.289686274214137e-1 -7.6733351923596585e-3 -5.593620622918849e-3 -3.836489181455216e-2 7.6733351923596585e-3 -2.943866745116741e-4 7.673335192359657e-1 7.673335192359658e-3 5.888007297430522e-3
2.3899999999999998e-3 6.845471059286912e-1 7.259403125823284e-1 6.845471059286912e-1 -7.259403125823285e-3 -4.9694034005520245e-3 -4.139320665363733e-2 7.259403125823285e-3 -3.0048997376926404e-4 7.259403125823284e-1 7.259403125823284e-3 5.269893374321287e-3
2.4e-3 6.374239897486926e-1 6.816821511655106e-1 6.374239897486926e-1 -6.816821511655107e-3 -4.345205565363912e-3 -4.425816141681782e-2 6.816821511655107e-3 -3.016999868124678e-4 6.816821511655106e-1 6.816821511655106e-3 4.64690555217638e-3
2.41e-3 5.87785252292475e-1 6.347337017289928e-1 5.87785252292475e-1 -6.347337017289929e-3 -3.7308710900931267e-3 -4.694844943651777e-2 6.347337017289929e-3 -2.9799763101277376e-4 6.347337017289928e-1 6.347337017289928e-3 4.0288687211058995e-3
2.42e-3 5.358267949789989e-1 5.852802483539958e-1 5.358267949789989e-1 -5.85280248353996e-3 -3.1360883964003414e-3 -4.945345337499696e-2 5.85280248353996e-3 -2.894412947328098e-4 5.852802483539958e-1 5.852802483539959e-3 3.425529691133151e-3
2.43e-3 4.81753674101718e-1 5.335169612278569e-1 4.81753674101718e-1 -5.33516961227857e-3 -2.570237562671039e-3 -5.176328712613898e-2 5.33516961227857e-3 -2.7616591650702715e-4 5.335169612278569e-1 5.335169612278569e-3 2.8464034791780652e-3
2.44e-3 4.2577929156507416e-1 4.7964812639646554e-1 4.2577929156507416e-1 -4.796481263964656e-3 -2.0422423945760226e-3 -5.386883483139143e-2 4.796481263964656e-3 -2.5838085698037566e-4 4.7964812639646554e-1 4.796481263964656e-3 2.300623251556398e-3
2.45e-3 3.681245526846798e-1 4.2388633954057264e-1 3.681245526846798e-1 -4.238863395405728e-3 -1.5604296913251966e-3 -5.576178685589278e-2 4.238863395405728e-3 -2.3636659716586017e-4 4.2388633954057264e-1 4.238863395405726e-3 1.7967962884910564e-3
2.46e-3 3.0901699437494967e-1 3.664516669577612e-1 3.0901699437494967e-1 -3.6645166695776126e-3 -1.1323979270697745e-3 -5.743467258281154e-2 3.6645166695776126e-3 -2.1047031509144516e-4 3.664516669577612e-1 3.664516669577612e-3 1.3428682421612193e-3
2.47e-3 2.4868988716485743e-1 3.075707770613093e-1 2.4868988716485743e-1 -3.0757077706130937e-3 -7.648974184258455e-4 -5.8880889896451905e-2 3.0757077706130937e-3 -1.8110041059513112e-4 3.075707770613093e-1 3.0757077706130933e-3 9.459978290209764e-4
2.4799999999999996e-3 1.8738131458572593e-1 2.4747604582351765e-1 1.8738131458572593e-1 -2.4747604582351767e-3 -4.6372386794888093e-4 -6.0094731237791715e-2 2.4747604582351767e-3 -1.487200646155572e-4 2.4747604582351765e-1 2.4747604582351767e-3 6.124439325644382e-4
2.4899999999999996e-3 1.2533323356430767e-1 1.8640463969391266e-1 1.2533323356430767e-1 -1.8640463969391268e-3 -2.3362696244227775e-4 -6.107140612960499e-2 1.8640463969391268e-3 -1.1383993455189628e-4 1.8640463969391266e-1 1.8640463969391266e-3 3.47466896994174e-4
2.4999999999999996e-3 6.279051952931718e-2 1.2459757961161491e-1 6.279051952931718e-2 -1.2459757961161494e-3 -7.82354675590876e-5 -6.180706008229775e-2 1.2459757961161494e-3 -7.701010089163962e-5 1.2459757961161491e-1 1.2459757961161492e-3 1.5524556845072717e-4
2.5099999999999996e-3 4.1650370783741775e-15 6.229878980580956e-2 4.1650370783741775e-15 -6.229878980580956e-4 -2.5947676947903606e-18 -6.2298789805805395e-2 6.229878980580956e-4 -3.881139211268182e-5 6.229878980580956e-2 6.229878980580956e-4 3.8811392112684415e-5
2.5199999999999997e-3 -6.279051952930886e-2 -2.458648617496457e-4 -6.279051952930886e-2 2.4586486174964576e-6 -1.5437982403261956e-7 -6.254465466755922e-2 -2.4586486174964576e-6 1.5377532873018783e-7 -2.458648617496457e-4 -2.458648617496457e-6 6.044953024317239e-10
2.5299999999999997e-3 -1.2533323356430118e-1 -6.278954921302542e-2 -1.2533323356430118e-1 6.278954921302541e-4 -7.869617236913297e-5 -6.254368435127577e-2 -6.278954921302541e-4 3.927089746538358e-5 -6.278954921302542e-2 -6.278954921302541e-4 3.9425274903749405e-5
2.5399999999999997e-3 -1.8738131458572124e-1 -1.2508543189937332e-1 -1.8738131458572124e-1 1.2508543189937331e-3 -2.3438672664827283e-4 -6.2295882686347906e-2 -1.2508543189937331e-3 7.792307391374521e-5 -1.2508543189937332e-1 -1.2508543189937331e-3 1.564636527345276e-4
2.5499999999999997e-3 -2.4868988716485108e-1 -1.8688765953211217e-1 -2.4868988716485108e-1 1.868876595321122e-3 -4.647707096154409e-4 -6.1802227632738904e-2 -1.868876595321122e-3 1.1550073676153405e-4 -1.8688765953211217e-1 -1.8688765953211218e-3 3.492699728539068e-4
2.5599999999999998e-3 -3.090169943749451e-1 -2.4795232695352862e-1 -3.090169943749451e-1 2.479523269535287e-3 -7.662148282345313e-4 -6.10646674214165e-2 -2.479523269535287e-3 1.5141126381783556e-4 -2.4795232695352862e-1 -2.4795232695352864e-3 6.148035644166956e-4
2.57e-3 -3.6812455268467537e-1 -3.08038439819102e-1 -3.6812455268467537e-1 3.0803843981910208e-3 -1.1339651286809225e-3 -6.008611286557339e-2 -3.0803843981910208e-3 1.8508832461905703e-4 -3.08038439819102e-1 -3.0803843981910203e-3 9.488768040618653e-4
2.58e-3 -4.2577929156506983e-1 -3.669088656920859e-1 -4.2577929156506983e-1 3.6690886569208598e-3 -1.5622219690331971e-3 -5.887042587298391e-2 -3.6690886569208598e-3 2.1600081179866558e-4 -3.669088656920859e-1 -3.6690886569208593e-3 1.3462211572345315e-3
2.59e-3 -4.817536741017122e-1 -4.2433126989689907e-1 -4.817536741017122e-1 4.243312698968991e-3 -2.044231483090764e-3 -5.742240420481315e-2 -4.243312698968991e-3 2.4366121696761404e-4 -4.2433126989689907e-1 -4.243312698968991e-3 1.8005702661231502e-3
2.6e-3 -5.358267949789934e-1 -4.800790324379462e-1 -5.358267949789934e-1 4.8007903243794635e-3 -2.57239209287841e-3 -5.574776254104724e-2 -4.8007903243794635e-3 2.6763331901286347e-4 -4.800790324379462e-1 -4.800790324379462e-3 2.304758773865546e-3
2.61e-3 -5.877852522924697e-1 -5.339321423652079e-1 -5.877852522924697e-1 5.339321423652081e-3 -3.1383743900719268e-3 -5.385310992726172e-2 -5.339321423652081e-3 2.875390635649191e-4 -5.339321423652079e-1 -5.339321423652079e-3 2.8508353265070062e-3
2.62e-3 -6.37423989748689e-1 -5.856780660569484e-1 -6.37423989748689e-1 5.856780660569485e-3 -3.7332524957431634e-3 -5.174592369174047e-2 -5.856780660569485e-3 3.030645251410899e-4 -5.856780660569484e-1 -5.856780660569484e-3 3.430187970602072e-3
2.63e-3 -6.845471059286877e-1 -6.351125859928181e-1 -6.845471059286877e-1 6.351125859928182e-3 -4.347644826802685e-3 -4.943451993586967e-2 -6.351125859928182e-3 3.139648579378371e-4 -6.351125859928181e-1 -6.351125859928181e-3 4.033679968864847e-3
2.64e-3 -7.289686274214103e-1 -6.820406067071142e-1 -7.289686274214103e-1 6.820406067071143e-3 -4.971862049169511e-3 -4.692802071429614e-2 -6.820406067071143e-3 3.2006815719542563e-4 -6.820406067071142e-1 -6.820406067071142e-3 4.651793891974084e-3
2.6499999999999996e-3 -7.705132427757879e-1 -7.26276924741451e-1 -7.705132427757879e-1 7.262769247414511e-3 -5.596059884357624e-3 -4.423631803433681e-2 -7.262769247414511e-3 3.2127817023862933e-4 -7.26276924741451e-1 -7.26276924741451e-3 5.274781714118993e-3
2.6599999999999996e-3 -8.090169943749439e-1 -7.676469595581975e-1 -8.090169943749439e-1 7.676469595581976e-3 -6.2103943596283715e-3 -4.1370034816746504e-2 -7.676469595581976e-3 3.175758144389223e-4 -7.676469595581975e-1 -7.676469595581975e-3 5.892818545189449e-3
2.6699999999999996e-3 -8.443279255020136e-1 -8.059874425301056e-1 -8.443279255020136e-1 8.059874425301056e-3 -6.8051770533211755e-3 -3.834048297190806e-2 -8.059874425301056e-3 3.0901947815897244e-4 -8.059874425301056e-1 -8.059874425301056e-3 6.496157575162203e-3
2.6799999999999997e-3 -8.76306680043862e-1 -8.411470612869838e-1 -8.76306680043862e-1 8.411470612869839e-3 -7.371027887050478e-3 -3.515961875687823e-2 -8.411470612869839e-3 2.957440999331884e-4 -8.411470612869838e-1 -8.411470612869839e-3 7.07528378711729e-3
2.6899999999999997e-3 -9.04827052466018e-1 -8.729870568765009e-1 -9.04827052466018e-1 8.72987056876501e-3 -7.899023055145483e-3 -3.183999558951711e-2 -8.72987056876501e-3 2.7795904040653314e-4 -8.729870568765009e-1 -8.72987056876501e-3 7.621064014738951e-3
2.6999999999999997e-3 -9.2977648588825e-1 -9.013817713823753e-1 -9.2977648588825e-1 9.013817713823756e-3 -8.38083575839631e-3 -2.8394714505874608e-2 -9.013817713823756e-3 2.559447805920209e-4 -9.013817713823753e-1 -9.013817713823754e-3 8.124890977804288e-3
2.7099999999999997e-3 -9.510565162951523e-1 -9.262191438387639e-1 -9.510565162951523e-1 9.26219143838764e-3 -8.808867522651734e-3 -2.4837372456388396e-2 -9.26219143838764e-3 2.300484985176056e-4 -9.262191438387639e-1 -9.26219143838764e-3 8.578819024134128e-3
2.7199999999999998e-3 -9.6858316112863e-1 -9.474011524836969e-1 -9.6858316112863e-1 9.47401152483697e-3 -9.176368031295665e-3 -2.1182008644933026e-2 -9.47401152483697e-3 2.0067859402129182e-4 -9.474011524836969e-1 -9.47401152483697e-3 8.975689437274373e-3
2.73e-3 -9.822872507286877e-1 -9.648442016061923e-1 -9.822872507286877e-1 9.648442016061924e-3 -9.477541581772626e-3 -1.744304912249539e-2 -9.648442016061924e-3 1.682982480417166e-4 -9.648442016061923e-1 -9.648442016061923e-3 9.309243333730906e-3
2.74e-3 -9.921147013144777e-1 -9.78479451460335e-1 -9.921147013144777e-1 9.78479451460335e-3 -9.707638487279242e-3 -1.3635249854142661e-2 -9.78479451460335e-3 1.3341811797806124e-4 -9.78479451460335e-1 -9.78479451460335e-3 9.574220369301181e-3
2.75e-3 -9.980267284282714e-1 -9.882530899443032e-1 -9.980267284282714e-1 9.882530899443034e-3 -9.863029982162435e-3 -9.773638483968394e-3 -9.882530899443034e-3 9.658828431780323e-5 -9.882530899443032e-1 -9.882530899443033e-3 9.76644169784463e-3
2.76e-3 -1e+0 -9.941265449721517e-1 -1e+0 9.941265449721518e-3 -9.941265449721518e-3 -5.873455027848307e-3 -9.941265449721518e-3 5.8389575538841506e-5 -9.941265449721517e-1 -9.941265449721516e-3 9.882875874182675e-3
2.77e-3 -9.980267284282718e-1 -9.960766367002116e-1 -9.980267284282718e-1 9.960766367002119e-3 -9.941111069897488e-3 -1.9500917280601548e-3 -9.960766367002119e-3 1.9424408097430634e-5 -9.960766367002116e-1 -9.960766367002117e-3 9.921686661800055e-3
2.78e-3 -9.921147013144782e-1 -9.940956690073449e-1 -9.921147013144782e-1 9.940956690073452e-3 -9.862569277352387e-3 1.9809676928667086e-3 -9.940956690073452e-3 -1.9692714039222677e-5 -9.940956690073449e-1 -9.940956690073449e-3 9.882261991391606e-3
2.79e-3 -9.822872507286894e-1 -9.881914598680173e-1 -9.822872507286894e-1 9.881914598680173e-3 -9.706878723073247e-3 5.904209139327876e-3 -9.881914598680173e-3 -5.834489048758504e-5 -9.881914598680173e-1 -9.881914598680173e-3 9.765223613560832e-3
2.7999999999999995e-3 -9.685831611286321e-1 -9.783873104983245e-1 -9.685831611286321e-1 9.783873104983248e-3 -9.476494740106079e-3 9.804149369692539e-3 -9.783873104983248e-3 -9.59225533353733e-5 -9.783873104983245e-1 -9.783873104983245e-3 9.572417293441448e-3
2.8099999999999996e-3 -9.510565162951549e-1 -9.647219133967397e-1 -9.510565162951549e-1 9.6472191339674e-3 -9.175050621486996e-3 1.3665397101584764e-2 -9.6472191339674e-3 -1.318330803916712e-4 -9.647219133967397e-1 -9.647219133967398e-3 9.306883701878666e-3
2.8199999999999996e-3 -9.297764858882531e-1 -9.472491996424965e-1 -9.297764858882531e-1 9.472491996424966e-3 -8.807300321040608e-3 1.747271375424342e-2 -9.472491996424966e-3 -1.6551014119289522e-4 -9.472491996424965e-1 -9.472491996424966e-3 8.972810462233504e-3
2.8299999999999996e-3 -9.048270524660217e-1 -9.26038126054259e-1 -9.048270524660217e-1 9.260381260542593e-3 -8.379043480688336e-3 2.1211073588237372e-2 -9.260381260542593e-3 -1.9642262837250328e-4 -9.26038126054259e-1 -9.260381260542589e-3 8.575466109060835e-3
2.8399999999999996e-3 -8.763066800438661e-1 -9.011724030490627e-1 -8.763066800438661e-1 9.011724030490628e-3 -7.89703396663077e-3 2.4865723005196516e-2 -9.011724030490628e-3 -2.2408303354145306e-4 -9.011724030490627e-1 -9.011724030490626e-3 8.121117000172222e-3
2.8499999999999997e-3 -8.443279255020181e-1 -8.727501642755402e-1 -8.443279255020181e-1 8.727501642755405e-3 -7.368873356843126e-3 2.8422238773522235e-2 -8.727501642755405e-3 -2.4805513558670165e-4 -8.727501642755402e-1 -8.727501642755401e-3 7.616928492429824e-3
2.8599999999999997e-3 -8.090169943749489e-1 -8.408835793252445e-1 -8.090169943749489e-1 8.408835793252448e-3 -6.802891059649585e-3 3.186658495029571e-2 -8.408835793252448e-3 -2.679608801387663e-4 -8.408835793252445e-1 -8.408835793252445e-3 7.070851939788347e-3
2.8699999999999997e-3 -7.70513242775791e-1 -8.056984110505179e-1 -7.70513242775791e-1 8.05698411050518e-3 -6.208012953978368e-3 3.518516827472684e-2 -8.05698411050518e-3 -2.834863417149251e-4 -8.056984110505179e-1 -8.05698411050518e-3 6.491499295693293e-3
2.8799999999999997e-3 -7.289686274214137e-1 -7.673335192359657e-1 -7.289686274214137e-1 7.6733351923596585e-3 -5.593620622918849e-3 3.836489181455216e-2 -7.6733351923596585e-3 -2.943866745116741e-4 -7.673335192359657e-1 -7.673335192359658e-3 5.888007297430522e-3
2.8899999999999998e-3 -6.845471059286913e-1 -7.259403125823285e-1 -6.845471059286913e-1 7.259403125823286e-3 -4.969403400552025e-3 4.1393206653637216e-2 -7.259403125823286e-3 -3.004899737692632e-4 -7.259403125823285e-1 -7.259403125823285e-3 5.269893374321288e-3
2.9e-3 -6.374239897486927e-1 -6.816821511655106e-1 -6.374239897486927e-1 6.816821511655107e-3 -4.345205565363913e-3 4.425816141681793e-2 -6.816821511655107e-3 -3.0169998681246854e-4 -6.816821511655106e-1 -6.816821511655106e-3 4.64690555217638e-3
2.91e-3 -5.877852522924766e-1 -6.347337017289936e-1 -5.877852522924766e-1 6.347337017289937e-3 -3.730871090093141e-3 4.694844943651699e-2 -6.347337017289937e-3 -2.9799763101276915e-4 -6.347337017289936e-1 -6.347337017289936e-3 4.02886872110591e-3
2.92e-3 -5.358267949790005e-1 -5.852802483539971e-1 -5.358267949790005e-1 5.852802483539972e-3 -3.136088396400358e-3 4.9453453374996514e-2 -5.852802483539972e-3 -2.894412947328078e-4 -5.852802483539971e-1 -5.852802483539971e-3 3.425529691133165e-3
2.93e-3 -4.8175367410171654e-1 -5.335169612278569e-1 -4.8175367410171654e-1 5.33516961227857e-3 -2.5702375626710317e-3 5.17632871261402e-2 -5.33516961227857e-3 -2.761659165070337e-4 -5.335169612278569e-1 -5.335169612278569e-3 2.8464034791780652e-3
2.94e-3 -4.2577929156507427e-1 -4.796481263964656e-1 -4.2577929156507427e-1 4.796481263964657e-3 -2.042242394576024e-3 5.3868834831391266e-2 -4.796481263964657e-3 -2.5838085698037496e-4 -4.796481263964656e-1 -4.796481263964656e-3 2.300623251556398e-3
2.95e-3 -3.6812455268468e-1 -4.238863395405728e-1 -3.6812455268468e-1 4.238863395405729e-3 -1.5604296913251977e-3 5.576178685589289e-2 -4.238863395405729e-3 -2.3636659716586069e-4 -4.238863395405728e-1 -4.238863395405728e-3 1.7967962884910577e-3
2.96e-3 -3.090169943749498e-1 -3.6645166695776127e-1 -3.090169943749498e-1 3.6645166695776134e-3 -1.1323979270697752e-3 5.743467258281154e-2 -3.6645166695776134e-3 -2.1047031509144521e-4 -3.6645166695776127e-1 -3.6645166695776126e-3 1.3428682421612198e-3
2.9699999999999996e-3 -2.4868988716485754e-1 -3.075707770613094e-1 -2.4868988716485754e-1 3.0757077706130946e-3 -7.64897418425846e-4 5.888088989645185e-2 -3.0757077706130946e-3 -1.81100410595131e-4 -3.075707770613094e-1 -3.075707770613094e-3 9.45997829020977e-4
2.9799999999999996e-3 -1.873813145857278e-1 -2.4747604582351865e-1 -1.873813145857278e-1 2.4747604582351867e-3 -4.637238679488874e-4 6.009473123779083e-2 -2.4747604582351867e-3 -1.487200646155556e-4 -2.4747604582351865e-1 -2.4747604582351867e-3 6.12443932564443e-4
2.9899999999999996e-3 -1.2533323356430778e-1 -1.8640463969391322e-1 -1.2533323356430778e-1 1.8640463969391325e-3 -2.3362696244227867e-4 6.107140612960543e-2 -1.8640463969391325e-3 -1.1383993455189745e-4 -1.8640463969391322e-1 -1.8640463969391322e-3 3.474668969941761e-4
2.9999999999999996e-3 -6.27905195293173e-2 -1.2459757961161526e-1 -6.27905195293173e-2 1.245975796116153e-3 -7.823546755908798e-5 6.180706008229796e-2 -1.245975796116153e-3 -7.701010089164009e-5 -1.2459757961161526e-1 -1.2459757961161527e-3 1.5524556845072804e-4
3.0099999999999997e-3 -4.287501758288913e-15 -6.2298789805809794e-2 -4.287501758288913e-15 6.22987898058098e-4 -2.671061708316809e-18 6.2298789805805506e-2 -6.22987898058098e-4 -3.881139211268204e-5 -6.2298789805809794e-2 -6.229878980580979e-4 3.88113921126847e-5