+1.0000000000e+002 +1.0000000000e+000 +0.0000000000e+000 +3.1833800109e-006 +8.9999817606e+001
+1.0092621910e+002 +1.0000000000e+000 +0.0000000000e+000 +3.2128710643e-006 +8.9999815916e+001
+1.0186101702e+002 +1.0000000000e+000 +0.0000000000e+000 +3.2426354371e-006 +8.9999814211e+001
+1.0280447321e+002 +1.0000000000e+000 +0.0000000000e+000 +3.2726756657e-006 +8.9999812489e+001
+1.0375666787e+002 +1.0000000000e+000 +0.0000000000e+000 +3.3029943099e-006 +8.9999810752e+001
+1.0471768195e+002 +1.0000000000e+000 +0.0000000000e+000 +3.3335939535e-006 +8.9999808999e+001
+1.0568759712e+002 +1.0000000000e+000 +0.0000000000e+000 +3.3644772041e-006 +8.9999807230e+001
+1.0666649583e+002 +1.0000000000e+000 +0.0000000000e+000 +3.3956466939e-006 +8.9999805444e+001
+1.0765446128e+002 +1.0000000000e+000 +0.0000000000e+000 +3.4271050794e-006 +8.9999803641e+001
+1.0865157747e+002 +1.0000000000e+000 +0.0000000000e+000 +3.4588550421e-006 +8.9999801822e+001
+1.0965792913e+002 +1.0000000000e+000 +0.0000000000e+000 +3.4908992883e-006 +8.9999799986e+001
+1.1067360181e+002 +1.0000000000e+000 +0.0000000000e+000 +3.5232405495e-006 +8.9999798133e+001
+1.1169868185e+002 +1.0000000000e+000 +0.0000000000e+000 +3.5558815829e-006 +8.9999796263e+001
+1.1273325637e+002 +1.0000000000e+000 +0.0000000000e+000 +3.5888251711e-006 +8.9999794375e+001
+1.1377741332e+002 +1.0000000000e+000 +0.0000000000e+000 +3.6220741230e-006 +8.9999792470e+001
+1.1483124145e+002 +1.0000000000e+000 +0.0000000000e+000 +3.6556312732e-006 +8.9999790548e+001
+1.1589483034e+002 +1.0000000000e+000 +0.0000000000e+000 +3.6894994833e-006 +8.9999788607e+001
+1.1696827040e+002 +1.0000000000e+000 +0.0000000000e+000 +3.7236816412e-006 +8.9999786649e+001
+1.1805165286e+002 +1.0000000000e+000 +0.0000000000e+000 +3.7581806619e-006 +8.9999784672e+001
+1.1914506981e+002 +1.0000000000e+000 +0.0000000000e+000 +3.7929994875e-006 +8.9999782677e+001
+1.2024861420e+002 +1.0000000000e+000 +0.0000000000e+000 +3.8281410877e-006 +8.9999780664e+001
+1.2136237983e+002 +1.0000000000e+000 +0.0000000000e+000 +3.8636084599e-006 +8.9999778632e+001
+1.2248646138e+002 +1.0000000000e+000 +0.0000000000e+000 +3.8994046293e-006 +8.9999776581e+001
+1.2362095437e+002 +1.0000000000e+000 +0.0000000000e+000 +3.9355326495e-006 +8.9999774511e+001
+1.2476595526e+002 +1.0000000000e+000 +0.0000000000e+000 +3.9719956026e-006 +8.9999772421e+001
+1.2592156137e+002 +1.0000000000e+000 +0.0000000000e+000 +4.0087965995e-006 +8.9999770313e+001
+1.2708787092e+002 +1.0000000000e+000 +0.0000000000e+000 +4.0459387800e-006 +8.9999768185e+001
+1.2826498305e+002 +1.0000000000e+000 +0.0000000000e+000 +4.0834253135e-006 +8.9999766037e+001
+1.2945299782e+002 +1.0000000000e+000 +0.0000000000e+000 +4.1212593987e-006 +8.9999763869e+001
+1.3065201621e+002 +1.0000000000e+000 +0.0000000000e+000 +4.1594442645e-006 +8.9999761681e+001
+1.3186214014e+002 +1.0000000000e+000 +0.0000000000e+000 +4.1979831697e-006 +8.9999759473e+001
+1.3308347247e+002 +1.0000000000e+000 +0.0000000000e+000 +4.2368794038e-006 +8.9999757245e+001
+1.3431611700e+002 +1.0000000000e+000 +0.0000000000e+000 +4.2761362869e-006 +8.9999754995e+001
+1.3556017853e+002 +1.0000000000e+000 +0.0000000000e+000 +4.3157571701e-006 +8.9999752725e+001
+1.3681576280e+002 +1.0000000000e+000 +0.0000000000e+000 +4.3557454361e-006 +8.9999750434e+001
+1.3808297652e+002 +1.0000000000e+000 +0.0000000000e+000 +4.3961044990e-006 +8.9999748122e+001
+1.3936192742e+002 +1.0000000000e+000 +0.0000000000e+000 +4.4368378049e-006 +8.9999745788e+001
+1.4065272421e+002 +1.0000000000e+000 +0.0000000000e+000 +4.4779488321e-006 +8.9999743432e+001
+1.4195547661e+002 +1.0000000000e+000 +0.0000000000e+000 +4.5194410917e-006 +8.9999741055e+001
+1.4327029534e+002 +1.0000000000e+000 +0.0000000000e+000 +4.5613181274e-006 +8.9999738656e+001
+1.4459729218e+002 +1.0000000000e+000 +0.0000000000e+000 +4.6035835161e-006 +8.9999736234e+001
+1.4593657992e+002 +1.0000000000e+000 +0.0000000000e+000 +4.6462408683e-006 +8.9999733790e+001
+1.4728827239e+002 +1.0000000000e+000 +0.0000000000e+000 +4.6892938284e-006 +8.9999731323e+001
+1.4865248450e+002 +1.0000000000e+000 +0.0000000000e+000 +4.7327460746e-006 +8.9999728834e+001
+1.5002933220e+002 +1.0000000000e+000 +0.0000000000e+000 +4.7766013201e-006 +8.9999726321e+001
+1.5141893253e+002 +1.0000000000e+000 +0.0000000000e+000 +4.8208633123e-006 +8.9999723785e+001
+1.5282140360e+002 +1.0000000000e+000 +0.0000000000e+000 +4.8655358342e-006 +8.9999721225e+001
+1.5423686463e+002 +1.0000000000e+000 +0.0000000000e+000 +4.9106227041e-006 +8.9999718642e+001
+1.5566543593e+002 +1.0000000000e+000 +0.0000000000e+000 +4.9561277760e-006 +8.9999716035e+001
+1.5710723892e+002 +1.0000000000e+000 +0.0000000000e+000 +5.0020549404e-006 +8.9999713403e+001
+1.5856239618e+002 +1.0000000000e+000 +0.0000000000e+000 +5.0484081238e-006 +8.9999710748e+001
+1.6003103137e+002 +1.0000000000e+000 +0.0000000000e+000 +5.0951912900e-006 +8.9999708067e+001
+1.6151326935e+002 +1.0000000000e+000 +0.0000000000e+000 +5.1424084398e-006 +8.9999705362e+001
+1.6300923610e+002 +1.0000000000e+000 +0.0000000000e+000 +5.1900636117e-006 +8.9999702631e+001
+1.6451905878e+002 +1.0000000000e+000 +0.0000000000e+000 +5.2381608819e-006 +8.9999699875e+001
+1.6604286572e+002 +1.0000000000e+000 +0.0000000000e+000 +5.2867043651e-006 +8.9999697094e+001
+1.6758078645e+002 +1.0000000000e+000 +0.0000000000e+000 +5.3356982146e-006 +8.9999694287e+001
+1.6913295170e+002 +1.0000000000e+000 +0.0000000000e+000 +5.3851466228e-006 +8.9999691454e+001
+1.7069949340e+002 +1.0000000000e+000 +0.0000000000e+000 +5.4350538214e-006 +8.9999688594e+001
+1.7228054471e+002 +1.0000000000e+000 +0.0000000000e+000 +5.4854240819e-006 +8.9999685708e+001
+1.7387624002e+002 +1.0000000000e+000 +0.0000000000e+000 +5.5362617163e-006 +8.9999682796e+001
+1.7548671496e+002 +1.0000000000e+000 +0.0000000000e+000 +5.5875710767e-006 +8.9999679856e+001
+1.7711210643e+002 +1.0000000000e+000 +0.0000000000e+000 +5.6393565566e-006 +8.9999676889e+001
+1.7875255259e+002 +1.0000000000e+000 +0.0000000000e+000 +5.6916225904e-006 +8.9999673894e+001
+1.8040819287e+002 +1.0000000000e+000 +0.0000000000e+000 +5.7443736548e-006 +8.9999670872e+001
+1.8207916801e+002 +1.0000000000e+000 +0.0000000000e+000 +5.7976142683e-006 +8.9999667821e+001
+1.8376562004e+002 +1.0000000000e+000 +0.0000000000e+000 +5.8513489921e-006 +8.9999664742e+001
+1.8546769231e+002 +1.0000000000e+000 +0.0000000000e+000 +5.9055824304e-006 +8.9999661635e+001
+1.8718552950e+002 +1.0000000000e+000 +0.0000000000e+000 +5.9603192309e-006 +8.9999658499e+001
+1.8891927762e+002 +1.0000000000e+000 +0.0000000000e+000 +6.0155640850e-006 +8.9999655334e+001
+1.9066908405e+002 +1.0000000000e+000 +0.0000000000e+000 +6.0713217285e-006 +8.9999652139e+001
+1.9243509752e+002 +1.0000000000e+000 +0.0000000000e+000 +6.1275969418e-006 +8.9999648915e+001
+1.9421746815e+002 +1.0000000000e+000 +0.0000000000e+000 +6.1843945505e-006 +8.9999645660e+001
+1.9601634743e+002 +1.0000000000e+000 +0.0000000000e+000 +6.2417194258e-006 +8.9999642376e+001
+1.9783188828e+002 +1.0000000000e+000 +0.0000000000e+000 +6.2995764850e-006 +8.9999639061e+001
+1.9966424501e+002 +1.0000000000e+000 +0.0000000000e+000 +6.3579706917e-006 +8.9999635715e+001
+2.0151357338e+002 +1.0000000000e+000 +0.0000000000e+000 +6.4169070566e-006 +8.9999632338e+001
+2.0338003058e+002 +1.0000000000e+000 +0.0000000000e+000 +6.4763906378e-006 +8.9999628930e+001
+2.0526377527e+002 +1.0000000000e+000 +0.0000000000e+000 +6.5364265411e-006 +8.9999625490e+001
+2.0716496756e+002 +1.0000000000e+000 +0.0000000000e+000 +6.5970199210e-006 +8.9999622019e+001
+2.0908376906e+002 +1.0000000000e+000 +0.0000000000e+000 +6.6581759804e-006 +8.9999618515e+001
+2.1102034286e+002 +1.0000000000e+000 +0.0000000000e+000 +6.7198999718e-006 +8.9999614978e+001
+2.1297485357e+002 +1.0000000000e+000 +0.0000000000e+000 +6.7821971974e-006 +8.9999611409e+001
+2.1494746734e+002 +1.0000000000e+000 +0.0000000000e+000 +6.8450730097e-006 +8.9999607806e+001
+2.1693835184e+002 +1.0000000000e+000 +0.0000000000e+000 +6.9085328120e-006 +8.9999604170e+001
+2.1894767629e+002 +1.0000000000e+000 +0.0000000000e+000 +6.9725820588e-006 +8.9999600500e+001
+2.2097561148e+002 +1.0000000000e+000 +0.0000000000e+000 +7.0372262565e-006 +8.9999596797e+001
+2.2302232980e+002 +1.0000000000e+000 +0.0000000000e+000 +7.1024709638e-006 +8.9999593058e+001
+2.2508800521e+002 +1.0000000000e+000 +0.0000000000e+000 +7.1683217922e-006 +8.9999589285e+001
+2.2717281330e+002 +1.0000000000e+000 +0.0000000000e+000 +7.2347844066e-006 +8.9999585477e+001
+2.2927693129e+002 +1.0000000000e+000 +0.0000000000e+000 +7.3018645257e-006 +8.9999581634e+001
+2.3140053801e+002 +1.0000000000e+000 +0.0000000000e+000 +7.3695679229e-006 +8.9999577755e+001
+2.3354381399e+002 +1.0000000000e+000 +0.0000000000e+000 +7.4379004263e-006 +8.9999573840e+001
+2.3570694140e+002 +1.0000000000e+000 +0.0000000000e+000 +7.5068679197e-006 +8.9999569888e+001
+2.3789010411e+002 +1.0000000000e+000 +0.0000000000e+000 +7.5764763429e-006 +8.9999565900e+001
+2.4009348769e+002 +1.0000000000e+000 +0.0000000000e+000 +7.6467316924e-006 +8.9999561875e+001
+2.4231727942e+002 +1.0000000000e+000 +0.0000000000e+000 +7.7176400219e-006 +8.9999557812e+001
+2.4456166835e+002 +1.0000000000e+000 +0.0000000000e+000 +7.7892074430e-006 +8.9999553711e+001
+2.4682684523e+002 +1.0000000000e+000 +0.0000000000e+000 +7.8614401256e-006 +8.9999549573e+001
+2.4911300261e+002 +1.0000000000e+000 +0.0000000000e+000 +7.9343442986e-006 +8.9999545396e+001
+2.5142033481e+002 +1.0000000000e+000 +0.0000000000e+000 +8.0079262504e-006 +8.9999541180e+001
+2.5374903797e+002 +1.0000000000e+000 +0.0000000000e+000 +8.0821923299e-006 +8.9999536924e+001
+2.5609931003e+002 +1.0000000000e+000 +0.0000000000e+000 +8.1571489463e-006 +8.9999532630e+001
+2.5847135075e+002 +1.0000000000e+000 +0.0000000000e+000 +8.2328025707e-006 +8.9999528295e+001
+2.6086536176e+002 +1.0000000000e+000 +0.0000000000e+000 +8.3091597359e-006 +8.9999523920e+001
+2.6328154656e+002 +1.0000000000e+000 +0.0000000000e+000 +8.3862270376e-006 +8.9999519505e+001
+2.6572011053e+002 +1.0000000000e+000 +0.0000000000e+000 +8.4640111346e-006 +8.9999515048e+001
+2.6818126095e+002 +1.0000000000e+000 +0.0000000000e+000 +8.5425187500e-006 +8.9999510550e+001
+2.7066520700e+002 +1.0000000000e+000 +0.0000000000e+000 +8.6217566711e-006 +8.9999506010e+001
+2.7317215984e+002 +1.0000000000e+000 +0.0000000000e+000 +8.7017317508e-006 +8.9999501427e+001
+2.7570233256e+002 +1.0000000000e+000 +0.0000000000e+000 +8.7824509079e-006 +8.9999496803e+001
+2.7825594022e+002 +1.0000000000e+000 +0.0000000000e+000 +8.8639211278e-006 +8.9999492135e+001
+2.8083319988e+002 +1.0000000000e+000 +0.0000000000e+000 +8.9461494632e-006 +8.9999487423e+001
+2.8343433062e+002 +1.0000000000e+000 +0.0000000000e+000 +9.0291430349e-006 +8.9999482668e+001
+2.8605955352e+002 +1.0000000000e+000 +0.0000000000e+000 +9.1129090325e-006 +8.9999477869e+001
+2.8870909174e+002 +1.0000000000e+000 +0.0000000000e+000 +9.1974547149e-006 +8.9999473025e+001
+2.9138317048e+002 +1.0000000000e+000 +0.0000000000e+000 +9.2827874112e-006 +8.9999468135e+001
+2.9408201706e+002 +1.0000000000e+000 +0.0000000000e+000 +9.3689145216e-006 +8.9999463201e+001
+2.9680586087e+002 +1.0000000000e+000 +0.0000000000e+000 +9.4558435177e-006 +8.9999458220e+001
+2.9955493344e+002 +1.0000000000e+000 +0.0000000000e+000 +9.5435819436e-006 +8.9999453193e+001
+3.0232946844e+002 +1.0000000000e+000 +0.0000000000e+000 +9.6321374167e-006 +8.9999448119e+001
+3.0512970172e+002 +1.0000000000e+000 +0.0000000000e+000 +9.7215176281e-006 +8.9999442998e+001
+3.0795587129e+002 +1.0000000000e+000 +0.0000000000e+000 +9.8117303437e-006 +8.9999437829e+001
+3.1080821739e+002 +1.0000000000e+000 +0.0000000000e+000 +9.9027834051e-006 +8.9999432612e+001
+3.1368698246e+002 +1.0000000000e+000 +0.0000000000e+000 +9.9946847298e-006 +8.9999427347e+001
+3.1659241120e+002 +1.0000000000e+000 +0.0000000000e+000 +1.0087442313e-005 +8.9999422032e+001
+3.1952475058e+002 +1.0000000000e+000 +0.0000000000e+000 +1.0181064227e-005 +8.9999416668e+001
+3.2248424984e+002 +1.0000000000e+000 +0.0000000000e+000 +1.0275558624e-005 +8.9999411254e+001
+3.2547116055e+002 +1.0000000000e+000 +0.0000000000e+000 +1.0370933734e-005 +8.9999405789e+001
+3.2848573660e+002 +1.0000000000e+000 +0.0000000000e+000 +1.0467197870e-005 +8.9999400274e+001
+3.3152823423e+002 +1.0000000000e+000 +0.0000000000e+000 +1.0564359425e-005 +8.9999394707e+001
+3.3459891205e+002 +1.0000000000e+000 +0.0000000000e+000 +1.0662426873e-005 +8.9999389088e+001
+3.3769803108e+002 +1.0000000000e+000 +0.0000000000e+000 +1.0761408772e-005 +8.9999383417e+001
+3.4082585474e+002 +1.0000000000e+000 +0.0000000000e+000 +1.0861313766e-005 +8.9999377693e+001
+3.4398264890e+002 +1.0000000000e+000 +0.0000000000e+000 +1.0962150581e-005 +8.9999371915e+001
+3.4716868189e+002 +1.0000000000e+000 +0.0000000000e+000 +1.1063928030e-005 +8.9999366084e+001
+3.5038422453e+002 +1.0000000000e+000 +0.0000000000e+000 +1.1166655013e-005 +8.9999360198e+001
+3.5362955014e+002 +1.0000000000e+000 +0.0000000000e+000 +1.1270340518e-005 +8.9999354257e+001
+3.5690493457e+002 +1.0000000000e+000 +0.0000000000e+000 +1.1374993620e-005 +8.9999348261e+001
+3.6021065624e+002 +1.0000000000e+000 +0.0000000000e+000 +1.1480623485e-005 +8.9999342209e+001
+3.6354699613e+002 +1.0000000000e+000 +0.0000000000e+000 +1.1587239370e-005 +8.9999336100e+001
+3.6691423784e+002 +1.0000000000e+000 +0.0000000000e+000 +1.1694850622e-005 +8.9999329934e+001
+3.7031266759e+002 +1.0000000000e+000 +0.0000000000e+000 +1.1803466683e-005 +8.9999323711e+001
+3.7374257424e+002 +1.0000000000e+000 +0.0000000000e+000 +1.1913097087e-005 +8.9999317430e+001
+3.7720424934e+002 +1.0000000000e+000 +0.0000000000e+000 +1.2023751462e-005 +8.9999311090e+001
+3.8069798714e+002 +1.0000000000e+000 +0.0000000000e+000 +1.2135439535e-005 +8.9999304691e+001
+3.8422408461e+002 +1.0000000000e+000 +0.0000000000e+000 +1.2248171125e-005 +8.9999298231e+001
+3.8778284146e+002 +1.0000000000e+000 +0.0000000000e+000 +1.2361956154e-005 +8.9999291712e+001
+3.9137456020e+002 +1.0000000000e+000 +0.0000000000e+000 +1.2476804640e-005 +8.9999285132e+001
+3.9499954612e+002 +1.0000000000e+000 +0.0000000000e+000 +1.2592726702e-005 +8.9999278490e+001
+3.9865810736e+002 +1.0000000000e+000 +0.0000000000e+000 +1.2709732559e-005 +8.9999271786e+001
+4.0235055489e+002 +1.0000000000e+000 +0.0000000000e+000 +1.2827832536e-005 +8.9999265019e+001
+4.0607720257e+002 +1.0000000000e+000 +0.0000000000e+000 +1.2947037057e-005 +8.9999258189e+001
+4.0983836718e+002 +1.0000000000e+000 +0.0000000000e+000 +1.3067356655e-005 +8.9999251296e+001
+4.1363436841e+002 +1.0000000000e+000 +0.0000000000e+000 +1.3188801966e-005 +8.9999244337e+001
+4.1746552893e+002 +1.0000000000e+000 +0.0000000000e+000 +1.3311383735e-005 +8.9999237314e+001
+4.2133217438e+002 +1.0000000000e+000 +0.0000000000e+000 +1.3435112814e-005 +8.9999230225e+001
+4.2523463345e+002 +1.0000000000e+000 +0.0000000000e+000 +1.3560000167e-005 +8.9999223069e+001
+4.2917323784e+002 +1.0000000000e+000 +0.0000000000e+000 +1.3686056867e-005 +8.9999215847e+001
+4.3314832234e+002 +1.0000000000e+000 +0.0000000000e+000 +1.3813294100e-005 +8.9999208557e+001
+4.3716022482e+002 +1.0000000000e+000 +0.0000000000e+000 +1.3941723166e-005 +8.9999201198e+001
+4.4120928632e+002 +1.0000000000e+000 +0.0000000000e+000 +1.4071355479e-005 +8.9999193771e+001
+4.4529585099e+002 +1.0000000000e+000 +0.0000000000e+000 +1.4202202570e-005 +8.9999186274e+001
+4.4942026621e+002 +1.0000000000e+000 +0.0000000000e+000 +1.4334276088e-005 +8.9999178706e+001
+4.5358288255e+002 +1.0000000000e+000 +0.0000000000e+000 +1.4467587800e-005 +8.9999171068e+001
+4.5778405384e+002 +1.0000000000e+000 +0.0000000000e+000 +1.4602149596e-005 +8.9999163358e+001
+4.6202413718e+002 +1.0000000000e+000 +0.0000000000e+000 +1.4737973485e-005 +8.9999155576e+001
+4.6630349297e+002 +1.0000000000e+000 +0.0000000000e+000 +1.4875071601e-005 +8.9999147721e+001
+4.7062248498e+002 +1.0000000000e+000 +0.0000000000e+000 +1.5013456203e-005 +8.9999139792e+001
+4.7498148032e+002 +1.0000000000e+000 +0.0000000000e+000 +1.5153139676e-005 +8.9999131789e+001
+4.7938084951e+002 +1.0000000000e+000 +0.0000000000e+000 +1.5294134532e-005 +8.9999123711e+001
+4.8382096649e+002 +1.0000000000e+000 +0.0000000000e+000 +1.5436453415e-005 +8.9999115556e+001
+4.8830220869e+002 +1.0000000000e+000 +0.0000000000e+000 +1.5580109099e-005 +8.9999107326e+001
+4.9282495700e+002 +1.0000000000e+000 +0.0000000000e+000 +1.5725114489e-005 +8.9999099017e+001
+4.9738959588e+002 +1.0000000000e+000 +0.0000000000e+000 +1.5871482627e-005 +8.9999090631e+001
+5.0199651331e+002 +1.0000000000e+000 +0.0000000000e+000 +1.6019226691e-005 +8.9999082166e+001
+5.0664610089e+002 +1.0000000000e+000 +0.0000000000e+000 +1.6168359994e-005 +8.9999073621e+001
+5.1133875384e+002 +1.0000000000e+000 +0.0000000000e+000 +1.6318895991e-005 +8.9999064996e+001
+5.1607487104e+002 +1.0000000000e+000 +0.0000000000e+000 +1.6470848277e-005 +8.9999056290e+001
+5.2085485506e+002 +1.0000000000e+000 +0.0000000000e+000 +1.6624230592e-005 +8.9999047502e+001
+5.2567911220e+002 +1.0000000000e+000 +0.0000000000e+000 +1.6779056817e-005 +8.9999038631e+001
+5.3054805254e+002 +1.0000000000e+000 +0.0000000000e+000 +1.6935340984e-005 +8.9999029676e+001
+5.3546208993e+002 +1.0000000000e+000 +0.0000000000e+000 +1.7093097271e-005 +8.9999020638e+001
+5.4042164207e+002 +1.0000000000e+000 +0.0000000000e+000 +1.7252340006e-005 +8.9999011514e+001
+5.4542713053e+002 +1.0000000000e+000 +0.0000000000e+000 +1.7413083672e-005 +8.9999002304e+001
+5.5047898079e+002 +1.0000000000e+000 +0.0000000000e+000 +1.7575342904e-005 +8.9998993007e+001
+5.5557762224e+002 +1.0000000000e+000 +0.0000000000e+000 +1.7739132493e-005 +8.9998983623e+001
+5.6072348829e+002 +1.0000000000e+000 +0.0000000000e+000 +1.7904467391e-005 +8.9998974150e+001
+5.6591701632e+002 +1.0000000000e+000 +0.0000000000e+000 +1.8071362709e-005 +8.9998964587e+001
+5.7115864781e+002 +1.0000000000e+000 +0.0000000000e+000 +1.8239833720e-005 +8.9998954935e+001
+5.7644882829e+002 +1.0000000000e+000 +0.0000000000e+000 +1.8409895863e-005 +8.9998945191e+001
+5.8178800743e+002 +1.0000000000e+000 +0.0000000000e+000 +1.8581564742e-005 +8.9998935355e+001
+5.8717663907e+002 +1.0000000000e+000 +0.0000000000e+000 +1.8754856133e-005 +8.9998925426e+001
+5.9261518125e+002 +1.0000000000e+000 +0.0000000000e+000 +1.8929785981e-005 +8.9998915403e+001
+5.9810409624e+002 +1.0000000000e+000 +0.0000000000e+000 +1.9106370406e-005 +8.9998905286e+001
+6.0364385061e+002 +1.0000000000e+000 +0.0000000000e+000 +1.9284625704e-005 +8.9998895072e+001
+6.0923491524e+002 +1.0000000000e+000 +0.0000000000e+000 +1.9464568350e-005 +8.9998884762e+001
+6.1487776538e+002 +1.0000000000e+000 +0.0000000000e+000 +1.9646214998e-005 +8.9998874355e+001
+6.2057288068e+002 +1.0000000000e+000 +0.0000000000e+000 +1.9829582488e-005 +8.9998863849e+001
+6.2632074522e+002 +1.0000000000e+000 +0.0000000000e+000 +2.0014687845e-005 +8.9998853243e+001
+6.3212184758e+002 +1.0000000000e+000 +0.0000000000e+000 +2.0201548281e-005 +8.9998842537e+001
+6.3797668086e+002 +1.0000000000e+000 +0.0000000000e+000 +2.0390181203e-005 +8.9998831729e+001
+6.4388574272e+002 +1.0000000000e+000 +0.0000000000e+000 +2.0580604207e-005 +8.9998820818e+001
+6.4984953545e+002 +1.0000000000e+000 +0.0000000000e+000 +2.0772835090e-005 +8.9998809804e+001
+6.5586856596e+002 +1.0000000000e+000 +0.0000000000e+000 +2.0966891845e-005 +8.9998798686e+001
+6.6194334588e+002 +1.0000000000e+000 +0.0000000000e+000 +2.1162792671e-005 +8.9998787461e+001
+6.6807439157e+002 +1.0000000000e+000 +0.0000000000e+000 +2.1360555969e-005 +8.9998776130e+001
+6.7426222418e+002 +1.0000000000e+000 +0.0000000000e+000 +2.1560200349e-005 +8.9998764692e+001
+6.8050736967e+002 +1.0000000000e+000 +0.0000000000e+000 +2.1761744632e-005 +8.9998753144e+001
+6.8681035890e+002 +1.0000000000e+000 +0.0000000000e+000 +2.1965207855e-005 +8.9998741486e+001
+6.9317172762e+002 +1.0000000000e+000 +0.0000000000e+000 +2.2170609270e-005 +8.9998729718e+001
+6.9959201654e+002 +1.0000000000e+000 +0.0000000000e+000 +2.2377968351e-005 +8.9998717837e+001
+7.0607177141e+002 +1.0000000000e+000 +0.0000000000e+000 +2.2587304794e-005 +8.9998705843e+001
+7.1261154301e+002 +1.0000000000e+000 +0.0000000000e+000 +2.2798638525e-005 +8.9998693734e+001
+7.1921188722e+002 +1.0000000000e+000 +0.0000000000e+000 +2.3011989698e-005 +8.9998681510e+001
+7.2587336508e+002 +1.0000000000e+000 +0.0000000000e+000 +2.3227378702e-005 +8.9998669169e+001
+7.3259654282e+002 +1.0000000000e+000 +0.0000000000e+000 +2.3444826164e-005 +8.9998656710e+001
+7.3938199192e+002 +1.0000000000e+000 +0.0000000000e+000 +2.3664352951e-005 +8.9998644132e+001
+7.4623028914e+002 +1.0000000000e+000 +0.0000000000e+000 +2.3885980177e-005 +8.9998631434e+001
+7.5314201660e+002 +1.0000000000e+000 +0.0000000000e+000 +2.4109729201e-005 +8.9998618614e+001
+7.6011776180e+002 +1.0000000000e+000 +0.0000000000e+000 +2.4335621637e-005 +8.9998605672e+001
+7.6715811768e+002 +1.0000000000e+000 +0.0000000000e+000 +2.4563679356e-005 +8.9998592605e+001
+7.7426368268e+002 +1.0000000000e+000 +0.0000000000e+000 +2.4793924488e-005 +8.9998579413e+001
+7.8143506078e+002 +1.0000000000e+000 +0.0000000000e+000 +2.5026379427e-005 +8.9998566094e+001
+7.8867286156e+002 +1.0000000000e+000 +0.0000000000e+000 +2.5261066836e-005 +8.9998552647e+001
+7.9597770023e+002 +1.0000000000e+000 +0.0000000000e+000 +2.5498009652e-005 +8.9998539072e+001
+8.0335019771e+002 +1.0000000000e+000 +0.0000000000e+000 +2.5737231088e-005 +8.9998525365e+001
+8.1079098067e+002 +1.0000000000e+000 +0.0000000000e+000 +2.5978754640e-005 +8.9998511527e+001
+8.1830068159e+002 +1.0000000000e+000 +0.0000000000e+000 +2.6222604089e-005 +8.9998497555e+001
+8.2587993878e+002 +1.0000000000e+000 +0.0000000000e+000 +2.6468803507e-005 +8.9998483449e+001
+8.3352939651e+002 +1.0000000000e+000 +0.0000000000e+000 +2.6717377263e-005 +8.9998469207e+001
+8.4124970497e+002 +1.0000000000e+000 +0.0000000000e+000 +2.6968350025e-005 +8.9998454827e+001
+8.4904152041e+002 +1.0000000000e+000 +0.0000000000e+000 +2.7221746767e-005 +8.9998440309e+001
+8.5690550513e+002 +1.0000000000e+000 +0.0000000000e+000 +2.7477592775e-005 +8.9998425650e+001
+8.6484232757e+002 +1.0000000000e+000 +0.0000000000e+000 +2.7735913649e-005 +8.9998410849e+001
+8.7285266238e+002 +1.0000000000e+000 +0.0000000000e+000 +2.7996735310e-005 +8.9998395905e+001
+8.8093719045e+002 +1.0000000000e+000 +0.0000000000e+000 +2.8260084007e-005 +8.9998380816e+001
+8.8909659895e+002 +1.0000000000e+000 +0.0000000000e+000 +2.8525986321e-005 +8.9998365581e+001
+8.9733158146e+002 +1.0000000000e+000 +0.0000000000e+000 +2.8794469169e-005 +8.9998350198e+001
+9.0564283794e+002 +1.0000000000e+000 +0.0000000000e+000 +2.9065559814e-005 +8.9998334666e+001
+9.1403107488e+002 +1.0000000000e+000 +0.0000000000e+000 +2.9339285868e-005 +8.9998318983e+001
+9.2249700526e+002 +1.0000000000e+000 +0.0000000000e+000 +2.9615675297e-005 +8.9998303147e+001
+9.3104134871e+002 +1.0000000000e+000 +0.0000000000e+000 +2.9894756430e-005 +8.9998287157e+001
+9.3966483150e+002 +1.0000000000e+000 +0.0000000000e+000 +3.0176557966e-005 +8.9998271011e+001
+9.4836818663e+002 +1.0000000000e+000 +0.0000000000e+000 +3.0461108977e-005 +8.9998254707e+001
+9.5715215390e+002 +1.0000000000e+000 +0.0000000000e+000 +3.0748438916e-005 +8.9998238244e+001
+9.6601747995e+002 +1.0000000000e+000 +0.0000000000e+000 +3.1038577627e-005 +8.9998221620e+001
+9.7496491835e+002 +1.0000000000e+000 +0.0000000000e+000 +3.1331555347e-005 +8.9998204834e+001
+9.8399522963e+002 +1.0000000000e+000 +0.0000000000e+000 +3.1627402716e-005 +8.9998187883e+001
+9.9310918137e+002 +1.0000000000e+000 +0.0000000000e+000 +3.1926150786e-005 +8.9998170766e+001
+1.0023075483e+003 +1.0000000000e+000 +0.0000000000e+000 +3.2227831024e-005 +8.9998153481e+001
+1.0115911122e+003 +1.0000000000e+000 +0.0000000000e+000 +3.2532475324e-005 +8.9998136026e+001
+1.0209606623e+003 +1.0000000000e+000 +0.0000000000e+000 +3.2840116013e-005 +8.9998118400e+001
+1.0304169950e+003 +1.0000000000e+000 +0.0000000000e+000 +3.3150785859e-005 +8.9998100600e+001
+1.0399609140e+003 +1.0000000000e+000 +0.0000000000e+000 +3.3464518079e-005 +8.9998082624e+001
+1.0495932306e+003 +1.0000000000e+000 +0.0000000000e+000 +3.3781346349e-005 +8.9998064471e+001
+1.0593147635e+003 +1.0000000000e+000 +0.0000000000e+000 +3.4101304813e-005 +8.9998046139e+001
+1.0691263392e+003 +1.0000000000e+000 +0.0000000000e+000 +3.4424428089e-005 +8.9998027626e+001
+1.0790287915e+003 +1.0000000000e+000 +0.0000000000e+000 +3.4750751281e-005 +8.9998008929e+001
+1.0890229623e+003 +1.0000000000e+000 +0.0000000000e+000 +3.5080309987e-005 +8.9997990046e+001
+1.0991097009e+003 +1.0000000000e+000 +0.0000000000e+000 +3.5413140311e-005 +8.9997970977e+001
+1.1092898649e+003 +1.0000000000e+000 +0.0000000000e+000 +3.5749278868e-005 +8.9997951717e+001
+1.1195643195e+003 +1.0000000000e+000 +0.0000000000e+000 +3.6088762801e-005 +8.9997932266e+001
+1.1299339380e+003 +1.0000000000e+000 +0.0000000000e+000 +3.6431629785e-005 +8.9997912621e+001
+1.1403996020e+003 +1.0000000000e+000 +0.0000000000e+000 +3.6777918041e-005 +8.9997892781e+001
+1.1509622009e+003 +1.0000000000e+000 +0.0000000000e+000 +3.7127666347e-005 +8.9997872741e+001
+1.1616226326e+003 +1.0000000000e+000 +0.0000000000e+000 +3.7480914049e-005 +8.9997852502e+001
+1.1723818033e+003 +1.0000000000e+000 +0.0000000000e+000 +3.7837701072e-005 +8.9997832059e+001
+1.1832406275e+003 +1.0000000000e+000 +0.0000000000e+000 +3.8198067932e-005 +8.9997811412e+001
+1.1942000281e+003 +1.0000000000e+000 +0.0000000000e+000 +3.8562055748e-005 +8.9997790557e+001
+1.2052609369e+003 +1.0000000000e+000 +0.0000000000e+000 +3.8929706256e-005 +8.9997769492e+001
+1.2164242939e+003 +1.0000000000e+000 +0.0000000000e+000 +3.9301061820e-005 +8.9997748215e+001
+1.2276910480e+003 +1.0000000000e+000 +0.0000000000e+000 +3.9676165446e-005 +8.9997726723e+001
+1.2390621569e+003 +1.0000000000e+000 +0.0000000000e+000 +4.0055060798e-005 +8.9997705014e+001
+1.2505385873e+003 +1.0000000000e+000 +0.0000000000e+000 +4.0437792206e-005 +8.9997683085e+001
+1.2621213145e+003 +1.0000000000e+000 +0.0000000000e+000 +4.0824404686e-005 +8.9997660934e+001
+1.2738113232e+003 +1.0000000000e+000 +0.0000000000e+000 +4.1214943952e-005 +8.9997638558e+001
+1.2856096069e+003 +1.0000000000e+000 +0.0000000000e+000 +4.1609456433e-005 +8.9997615954e+001
+1.2975171687e+003 +1.0000000000e+000 +0.0000000000e+000 +4.2007989286e-005 +8.9997593120e+001
+1.3095350205e+003 +1.0000000000e+000 +0.0000000000e+000 +4.2410590413e-005 +8.9997570052e+001
+1.3216641839e+003 +1.0000000000e+000 +0.0000000000e+000 +4.2817308481e-005 +8.9997546749e+001
+1.3339056900e+003 +1.0000000000e+000 +0.0000000000e+000 +4.3228192931e-005 +8.9997523207e+001
+1.3462605793e+003 +1.0000000000e+000 +0.0000000000e+000 +4.3643294005e-005 +8.9997499423e+001
+1.3587299019e+003 +1.0000000000e+000 +0.0000000000e+000 +4.4062662754e-005 +8.9997475395e+001
+1.3713147178e+003 +1.0000000000e+000 +0.0000000000e+000 +4.4486351066e-005 +8.9997451120e+001
+1.3840160966e+003 +1.0000000000e+000 +0.0000000000e+000 +4.4914411679e-005 +8.9997426594e+001
+1.3968351180e+003 +1.0000000000e+000 +0.0000000000e+000 +4.5346898199e-005 +8.9997401814e+001
+1.4097728716e+003 +1.0000000000e+000 +0.0000000000e+000 +4.5783865127e-005 +8.9997376778e+001
+1.4228304572e+003 +1.0000000000e+000 +0.0000000000e+000 +4.6225367873e-005 +8.9997351482e+001
+1.4360089847e+003 +1.0000000000e+000 +0.0000000000e+000 +4.6671462781e-005 +8.9997325922e+001
+1.4493095741e+003 +1.0000000000e+000 +0.0000000000e+000 +4.7122207148e-005 +8.9997300096e+001
+1.4627333562e+003 +1.0000000000e+000 +0.0000000000e+000 +4.7577659250e-005 +8.9997274001e+001
+1.4762814719e+003 +1.0000000000e+000 +0.0000000000e+000 +4.8037878363e-005 +8.9997247632e+001
+1.4899550729e+003 +1.0000000000e+000 +0.0000000000e+000 +4.8502924785e-005 +8.9997220987e+001
+1.5037553213e+003 +1.0000000000e+000 +0.0000000000e+000 +4.8972859866e-005 +8.9997194062e+001
+1.5176833903e+003 +1.0000000000e+000 +0.0000000000e+000 +4.9447746028e-005 +8.9997166853e+001
+1.5317404637e+003 +1.0000000000e+000 +0.0000000000e+000 +4.9927646792e-005 +8.9997139357e+001
+1.5459277364e+003 +1.0000000000e+000 +0.0000000000e+000 +5.0412626810e-005 +8.9997111569e+001
+1.5602464144e+003 +1.0000000000e+000 +0.0000000000e+000 +5.0902751884e-005 +8.9997083487e+001
+1.5746977146e+003 +1.0000000000e+000 +0.0000000000e+000 +5.1398089003e-005 +8.9997055106e+001
+1.5892828656e+003 +1.0000000000e+000 +0.0000000000e+000 +5.1898706366e-005 +8.9997026423e+001
+1.6040031071e+003 +1.0000000000e+000 +0.0000000000e+000 +5.2404673417e-005 +8.9996997433e+001
+1.6188596902e+003 +1.0000000000e+000 +0.0000000000e+000 +5.2916060875e-005 +8.9996968133e+001
+1.6338538778e+003 +1.0000000000e+000 +0.0000000000e+000 +5.3432940762e-005 +8.9996938518e+001
+1.6489869445e+003 +1.0000000000e+000 +0.0000000000e+000 +5.3955386442e-005 +8.9996908584e+001
+1.6642601765e+003 +1.0000000000e+000 +0.0000000000e+000 +5.4483472656e-005 +8.9996878327e+001
+1.6796748721e+003 +1.0000000000e+000 +0.0000000000e+000 +5.5017275550e-005 +8.9996847742e+001
+1.6952323416e+003 +1.0000000000e+000 +0.0000000000e+000 +5.5556872718e-005 +8.9996816826e+001
+1.7109339073e+003 +1.0000000000e+000 +0.0000000000e+000 +5.6102343240e-005 +8.9996785573e+001
+1.7267809039e+003 +1.0000000000e+000 +0.0000000000e+000 +5.6653767715e-005 +8.9996753978e+001
+1.7427746784e+003 +1.0000000000e+000 +0.0000000000e+000 +5.7211228309e-005 +8.9996722038e+001
+1.7589165903e+003 +1.0000000000e+000 +0.0000000000e+000 +5.7774808790e-005 +8.9996689747e+001
+1.7752080117e+003 +1.0000000000e+000 +0.0000000000e+000 +5.8344594575e-005 +8.9996657101e+001
+1.7916503274e+003 +1.0000000000e+000 +0.0000000000e+000 +5.8920672771e-005 +8.9996624094e+001
+1.8082449349e+003 +1.0000000000e+000 +0.0000000000e+000 +5.9503132225e-005 +8.9996590722e+001
+1.8249932448e+003 +1.0000000000e+000 +0.0000000000e+000 +6.0092063567e-005 +8.9996556978e+001
+1.8418966808e+003 +1.0000000000e+000 +0.0000000000e+000 +6.0687559260e-005 +8.9996522859e+001
+1.8589566796e+003 +1.0000000000e+000 +0.0000000000e+000 +6.1289713655e-005 +8.9996488358e+001
+1.8761746914e+003 +1.0000000000e+000 +0.0000000000e+000 +6.1898623034e-005 +8.9996453470e+001
+1.8935521798e+003 +1.0000000000e+000 +0.0000000000e+000 +6.2514385673e-005 +8.9996418190e+001
+1.9110906217e+003 +1.0000000000e+000 +0.0000000000e+000 +6.3137101892e-005 +8.9996382511e+001
+1.9287915080e+003 +1.0000000000e+000 +0.0000000000e+000 +6.3766874117e-005 +8.9996346427e+001
+1.9466563433e+003 +1.0000000000e+000 +0.0000000000e+000 +6.4403806936e-005 +8.9996309934e+001
+1.9646866462e+003 +1.0000000000e+000 +0.0000000000e+000 +6.5048007161e-005 +8.9996273024e+001
+1.9828839491e+003 +1.0000000000e+000 +0.0000000000e+000 +6.5699583895e-005 +8.9996235691e+001
+2.0012497990e+003 +1.0000000000e+000 +0.0000000000e+000 +6.6358648596e-005 +8.9996197929e+001
+2.0197857568e+003 +1.0000000000e+000 +0.0000000000e+000 +6.7025315146e-005 +8.9996159732e+001
+2.0384933983e+003 +1.0000000000e+000 +0.0000000000e+000 +6.7699699919e-005 +8.9996121093e+001
+2.0573743134e+003 +1.0000000000e+000 +0.0000000000e+000 +6.8381921860e-005 +8.9996082004e+001
+2.0764301073e+003 +1.0000000000e+000 +0.0000000000e+000 +6.9072102558e-005 +8.9996042460e+001
+2.0956623995e+003 +1.0000000000e+000 +0.0000000000e+000 +6.9770366322e-005 +8.9996002452e+001
+2.1150728249e+003 +1.0000000000e+000 +0.0000000000e+000 +7.0476840268e-005 +8.9995961974e+001
+2.1346630333e+003 +1.0000000000e+000 +0.0000000000e+000 +7.1191654399e-005 +8.9995921019e+001
+2.1544346900e+003 +1.0000000000e+000 +0.0000000000e+000 +7.1914941698e-005 +8.9995879577e+001
+2.1743894756e+003 +1.0000000000e+000 +0.0000000000e+000 +7.2646838211e-005 +8.9995837643e+001
+2.1945290862e+003 +1.0000000000e+000 +0.0000000000e+000 +7.3387483149e-005 +8.9995795207e+001
+2.2148552337e+003 +1.0000000000e+000 +0.0000000000e+000 +7.4137018981e-005 +8.9995752262e+001
+2.2353696459e+003 +1.0000000000e+000 +0.0000000000e+000 +7.4895591538e-005 +8.9995708799e+001
+2.2560740665e+003 +1.0000000000e+000 +0.0000000000e+000 +7.5663350117e-005 +8.9995664809e+001
+2.2769702554e+003 +1.0000000000e+000 +0.0000000000e+000 +7.6440447588e-005 +8.9995620285e+001
+2.2980599888e+003 +1.0000000000e+000 +0.0000000000e+000 +7.7227040514e-005 +8.9995575217e+001
+2.3193450593e+003 +1.0000000000e+000 +0.0000000000e+000 +7.8023289261e-005 +8.9995529595e+001
+2.3408272762e+003 +1.0000000000e+000 +0.0000000000e+000 +7.8829358124e-005 +8.9995483410e+001
+2.3625084655e+003 +1.0000000000e+000 +0.0000000000e+000 +7.9645415456e-005 +8.9995436654e+001
+2.3843904701e+003 +1.0000000000e+000 +0.0000000000e+000 +8.0471633794e-005 +8.9995389315e+001
+2.4064751500e+003 +1.0000000000e+000 +0.0000000000e+000 +8.1308190003e-005 +8.9995341384e+001
+2.4287643825e+003 +1.0000000000e+000 +0.0000000000e+000 +8.2155265413e-005 +8.9995292850e+001
+2.4512600620e+003 +1.0000000000e+000 +0.0000000000e+000 +8.3013045970e-005 +8.9995243703e+001
+2.4739641009e+003 +1.0000000000e+000 +0.0000000000e+000 +8.3881722390e-005 +8.9995193931e+001
+2.4968784289e+003 +1.0000000000e+000 +0.0000000000e+000 +8.4761490317e-005 +8.9995143524e+001
+2.5200049938e+003 +1.0000000000e+000 +0.0000000000e+000 +8.5652550493e-005 +8.9995092470e+001
+2.5433457613e+003 +1.0000000000e+000 +0.0000000000e+000 +8.6555108929e-005 +8.9995040758e+001
+2.5669027155e+003 +1.0000000000e+000 +0.0000000000e+000 +8.7469377089e-005 +8.9994988374e+001
+2.5906778587e+003 +1.0000000000e+000 +0.0000000000e+000 +8.8395572072e-005 +8.9994935307e+001
+2.6146732118e+003 +1.0000000000e+000 +0.0000000000e+000 +8.9333916816e-005 +8.9994881544e+001
+2.6388908145e+003 +1.0000000000e+000 +0.0000000000e+000 +9.0284640294e-005 +8.9994827071e+001
+2.6633327252e+003 +1.0000000000e+000 +0.0000000000e+000 +9.1247977734e-005 +8.9994771876e+001
+2.6880010215e+003 +1.0000000000e+000 +0.0000000000e+000 +9.2224170835e-005 +8.9994715944e+001
+2.7128978004e+003 +1.0000000000e+000 +0.0000000000e+000 +9.3213468002e-005 +8.9994659262e+001
+2.7380251779e+003 +1.0000000000e+000 +0.0000000000e+000 +9.4216124587e-005 +8.9994601814e+001
+2.7633852901e+003 +1.0000000000e+000 +0.0000000000e+000 +9.5232403136e-005 +8.9994543585e+001
+2.7889802924e+003 +1.0000000000e+000 +0.0000000000e+000 +9.6262573659e-005 +8.9994484561e+001
+2.8148123605e+003 +1.0000000000e+000 +0.0000000000e+000 +9.7306913897e-005 +8.9994424725e+001
+2.8408836902e+003 +1.0000000000e+000 +0.0000000000e+000 +9.8365709613e-005 +8.9994364060e+001
+2.8671964975e+003 +1.0000000000e+000 +0.0000000000e+000 +9.9439254889e-005 +8.9994302550e+001
+2.8937530191e+003 +1.0000000000e+000 +0.0000000000e+000 +1.0052785244e-004 +8.9994240178e+001
+2.9205555122e+003 +1.0000000000e+000 +0.0000000000e+000 +1.0163181393e-004 +8.9994176926e+001
+2.9476062551e+003 +1.0000000000e+000 +0.0000000000e+000 +1.0275146034e-004 +8.9994112775e+001
+2.9749075472e+003 +1.0000000000e+000 +0.0000000000e+000 +1.0388712228e-004 +8.9994047706e+001
+3.0024617091e+003 +1.0000000000e+000 +0.0000000000e+000 +1.0503914042e-004 +8.9993981701e+001
+3.0302710829e+003 +1.0000000000e+000 +0.0000000000e+000 +1.0620786584e-004 +8.9993914738e+001
+3.0583380324e+003 +1.0000000000e+000 +0.0000000000e+000 +1.0739366043e-004 +8.9993846796e+001
+3.0866649433e+003 +1.0000000000e+000 +0.0000000000e+000 +1.0859689736e-004 +8.9993777856e+001
+3.1152542236e+003 +1.0000000000e+000 +0.0000000000e+000 +1.0981796149e-004 +8.9993707894e+001
+3.1441083031e+003 +1.0000000000e+000 +0.0000000000e+000 +1.1105724988e-004 +8.9993636888e+001
+3.1732296347e+003 +1.0000000000e+000 +0.0000000000e+000 +1.1231517224e-004 +8.9993564815e+001
+3.2026206937e+003 +1.0000000000e+000 +0.0000000000e+000 +1.1359215147e-004 +8.9993491649e+001
+3.2322839782e+003 +1.0000000000e+000 +0.0000000000e+000 +1.1488862420e-004 +8.9993417367e+001
+3.2622220097e+003 +1.0000000000e+000 +0.0000000000e+000 +1.1620504135e-004 +8.9993341942e+001
+3.2924373330e+003 +1.0000000000e+000 +0.0000000000e+000 +1.1754186875e-004 +8.9993265347e+001
+3.3229325164e+003 +1.0000000000e+000 +0.0000000000e+000 +1.1889958776e-004 +8.9993187555e+001
+3.3537101520e+003 +1.0000000000e+000 +0.0000000000e+000 +1.2027869589e-004 +8.9993108538e+001
+3.3847728559e+003 +1.0000000000e+000 +0.0000000000e+000 +1.2167970755e-004 +8.9993028266e+001
+3.4161232686e+003 +1.0000000000e+000 +0.0000000000e+000 +1.2310315476e-004 +8.9992946709e+001
+3.4477640547e+003 +1.0000000000e+000 +0.0000000000e+000 +1.2454958791e-004 +8.9992863834e+001
+3.4796979039e+003 +1.0000000000e+000 +0.0000000000e+000 +1.2601957655e-004 +8.9992779610e+001
+3.5119275305e+003 +1.0000000000e+000 +0.0000000000e+000 +1.2751371027e-004 +8.9992694003e+001
+3.5444556740e+003 +1.0000000000e+000 +0.0000000000e+000 +1.2903259960e-004 +8.9992606977e+001
+3.5772850994e+003 +1.0000000000e+000 +0.0000000000e+000 +1.3057687693e-004 +8.9992518496e+001
+3.6104185972e+003 +1.0000000000e+000 +0.0000000000e+000 +1.3214719750e-004 +8.9992428523e+001
+3.6438589838e+003 +1.0000000000e+000 +0.0000000000e+000 +1.3374424048e-004 +8.9992337019e+001
+3.6776091016e+003 +1.0000000000e+000 +0.0000000000e+000 +1.3536871006e-004 +8.9992243944e+001
+3.7116718195e+003 +1.0000000000e+000 +0.0000000000e+000 +1.3702133660e-004 +8.9992149256e+001
+3.7460500327e+003 +1.0000000000e+000 +0.0000000000e+000 +1.3870287791e-004 +8.9992052910e+001
+3.7807466636e+003 +1.0000000000e+000 +0.0000000000e+000 +1.4041412053e-004 +8.9991954863e+001
+3.8157646613e+003 +1.0000000000e+000 +0.0000000000e+000 +1.4215588109e-004 +8.9991855068e+001
+3.8511070023e+003 +1.0000000000e+000 +0.0000000000e+000 +1.4392900782e-004 +8.9991753475e+001
+3.8867766909e+003 +1.0000000000e+000 +0.0000000000e+000 +1.4573438205e-004 +8.9991650035e+001
+3.9227767589e+003 +1.0000000000e+000 +0.0000000000e+000 +1.4757291988e-004 +8.9991544694e+001
+3.9591102665e+003 +1.0000000000e+000 +0.0000000000e+000 +1.4944557390e-004 +8.9991437399e+001
+3.9957803019e+003 +1.0000000000e+000 +0.0000000000e+000 +1.5135333504e-004 +8.9991328093e+001
+4.0327899822e+003 +1.0000000000e+000 +0.0000000000e+000 +1.5329723450e-004 +8.9991216715e+001
+4.0701424532e+003 +1.0000000000e+000 +0.0000000000e+000 +1.5527834585e-004 +8.9991103206e+001
+4.1078408900e+003 +1.0000000000e+000 +0.0000000000e+000 +1.5729778723e-004 +8.9990987501e+001
+4.1458884968e+003 +1.0000000000e+000 +0.0000000000e+000 +1.5935672367e-004 +8.9990869532e+001
+4.1842885079e+003 +1.0000000000e+000 +0.0000000000e+000 +1.6145636960e-004 +8.9990749231e+001
+4.2230441872e+003 +1.0000000000e+000 +0.0000000000e+000 +1.6359799148e-004 +8.9990626526e+001
+4.2621588290e+003 +1.0000000000e+000 +0.0000000000e+000 +1.6578291064e-004 +8.9990501339e+001
+4.3016357581e+003 +1.0000000000e+000 +0.0000000000e+000 +1.6801250626e-004 +8.9990373592e+001
+4.3414783301e+003 +1.0000000000e+000 +0.0000000000e+000 +1.7028821861e-004 +8.9990243204e+001
+4.3816899315e+003 +1.0000000000e+000 +0.0000000000e+000 +1.7261155244e-004 +8.9990110087e+001
+4.4222739805e+003 +1.0000000000e+000 +0.0000000000e+000 +1.7498408064e-004 +8.9989974151e+001
+4.4632339267e+003 +1.0000000000e+000 +0.0000000000e+000 +1.7740744815e-004 +8.9989835302e+001
+4.5045732518e+003 +1.0000000000e+000 +0.0000000000e+000 +1.7988337611e-004 +8.9989693442e+001
+4.5462954695e+003 +1.0000000000e+000 +0.0000000000e+000 +1.8241366637e-004 +8.9989548467e+001
+4.5884041265e+003 +1.0000000000e+000 +0.0000000000e+000 +1.8500020622e-004 +8.9989400269e+001
+4.6309028018e+003 +1.0000000000e+000 +0.0000000000e+000 +1.8764497355e-004 +8.9989248735e+001
+4.6737951080e+003 +1.0000000000e+000 +0.0000000000e+000 +1.9035004235e-004 +8.9989093746e+001
+4.7170846909e+003 +1.0000000000e+000 +0.0000000000e+000 +1.9311758857e-004 +8.9988935177e+001
+4.7607752302e+003 +1.0000000000e+000 +0.0000000000e+000 +1.9594989654e-004 +8.9988772898e+001
+4.8048704397e+003 +1.0000000000e+000 +0.0000000000e+000 +1.9884936574e-004 +8.9988606771e+001
+4.8493740673e+003 +1.0000000000e+000 +0.0000000000e+000 +2.0181851812e-004 +8.9988436651e+001
+4.8942898961e+003 +1.0000000000e+000 +0.0000000000e+000 +2.0486000610e-004 +8.9988262386e+001
+4.9396217439e+003 +1.0000000000e+000 +0.0000000000e+000 +2.0797662102e-004 +8.9988083817e+001
+4.9853734639e+003 +1.0000000000e+000 +0.0000000000e+000 +2.1117130240e-004 +8.9987900776e+001
+5.0315489450e+003 +1.0000000000e+000 +0.0000000000e+000 +2.1444714787e-004 +8.9987713083e+001
+5.0781521123e+003 +1.0000000000e+000 +0.0000000000e+000 +2.1780742393e-004 +8.9987520554e+001
+5.1251869271e+003 +1.0000000000e+000 +0.0000000000e+000 +2.2125557765e-004 +8.9987322989e+001
+5.1726573872e+003 +1.0000000000e+000 +0.0000000000e+000 +2.2479524926e-004 +8.9987120181e+001
+5.2205675278e+003 +1.0000000000e+000 +0.0000000000e+000 +2.2843028588e-004 +8.9986911909e+001
+5.2689214214e+003 +1.0000000000e+000 +0.0000000000e+000 +2.3216475641e-004 +8.9986697939e+001
+5.3177231779e+003 +1.0000000000e+000 +0.0000000000e+000 +2.3600296774e-004 +8.9986478026e+001
+5.3669769455e+003 +1.0000000000e+000 +0.0000000000e+000 +2.3994948237e-004 +8.9986251907e+001
+5.4166869110e+003 +1.0000000000e+000 +0.0000000000e+000 +2.4400913765e-004 +8.9986019306e+001
+5.4668572997e+003 +1.0000000000e+000 +0.0000000000e+000 +2.4818706678e-004 +8.9985779928e+001
+5.5174923761e+003 +1.0000000000e+000 +0.0000000000e+000 +2.5248872175e-004 +8.9985533462e+001
+5.5685964443e+003 +1.0000000000e+000 +0.0000000000e+000 +2.5691989843e-004 +8.9985279574e+001
+5.6201738481e+003 +1.0000000000e+000 +0.0000000000e+000 +2.6148676413e-004 +8.9985017912e+001
+5.6722289716e+003 +1.0000000000e+000 +0.0000000000e+000 +2.6619588778e-004 +8.9984748099e+001
+5.7247662397e+003 +1.0000000000e+000 +0.0000000000e+000 +2.7105427316e-004 +8.9984469734e+001
+5.7777901180e+003 +1.0000000000e+000 +0.0000000000e+000 +2.7606939541e-004 +8.9984182389e+001
+5.8313051135e+003 +1.0000000000e+000 +0.0000000000e+000 +2.8124924139e-004 +8.9983885605e+001
+5.8853157752e+003 +1.0000000000e+000 +0.0000000000e+000 +2.8660235413e-004 +8.9983578894e+001
+5.9398266939e+003 +1.0000000000e+000 +0.0000000000e+000 +2.9213788210e-004 +8.9983261732e+001
+5.9948425032e+003 +1.0000000000e+000 +0.0000000000e+000 +2.9786563374e-004 +8.9982933556e+001
+6.0503678794e+003 +1.0000000000e+000 +0.0000000000e+000 +3.0379613805e-004 +8.9982593763e+001
+6.1064075422e+003 +1.0000000000e+000 +0.0000000000e+000 +3.0994071189e-004 +8.9982241705e+001
+6.1629662551e+003 +1.0000000000e+000 +0.0000000000e+000 +3.1631153510e-004 +8.9981876684e+001
+6.2200488256e+003 +1.0000000000e+000 +0.0000000000e+000 +3.2292173425e-004 +8.9981497947e+001
+6.2776601058e+003 +1.0000000000e+000 +0.0000000000e+000 +3.2978547636e-004 +8.9981104684e+001
+6.3358049927e+003 +1.0000000000e+000 +0.0000000000e+000 +3.3691807410e-004 +8.9980696016e+001
+6.3944884286e+003 +1.0000000000e+000 +0.0000000000e+000 +3.4433610380e-004 +8.9980270994e+001
+6.4537154016e+003 +1.0000000000e+000 +0.0000000000e+000 +3.5205753857e-004 +8.9979828588e+001
+6.5134909463e+003 +1.0000000000e+000 +0.0000000000e+000 +3.6010189844e-004 +8.9979367681e+001
+6.5738201434e+003 +1.0000000000e+000 +0.0000000000e+000 +3.6849042039e-004 +8.9978887054e+001
+6.6347081211e+003 +1.0000000000e+000 +0.0000000000e+000 +3.7724625129e-004 +8.9978385381e+001
+6.6961600549e+003 +1.0000000000e+000 +0.0000000000e+000 +3.8639466741e-004 +8.9977861216e+001
+6.7581811682e+003 +1.0000000000e+000 +0.0000000000e+000 +3.9596332495e-004 +8.9977312972e+001
+6.8207767329e+003 +1.0000000000e+000 +0.0000000000e+000 +4.0598254681e-004 +8.9976738913e+001
+6.8839520696e+003 +1.0000000000e+000 +0.0000000000e+000 +4.1648565181e-004 +8.9976137129e+001
+6.9477125485e+003 +1.0000000000e+000 +0.0000000000e+000 +4.2750933391e-004 +8.9975505519e+001
+7.0120635890e+003 +1.0000000000e+000 +0.0000000000e+000 +4.3909410060e-004 +8.9974841760e+001
+7.0770106612e+003 +1.0000000000e+000 +0.0000000000e+000 +4.5128478130e-004 +8.9974143286e+001
+7.1425592855e+003 +1.0000000000e+000 +0.0000000000e+000 +4.6413111947e-004 +8.9973407245e+001
+7.2087150338e+003 +1.0000000000e+000 +0.0000000000e+000 +4.7768846471e-004 +8.9972630466e+001
+7.2754835292e+003 +1.0000000000e+000 +0.0000000000e+000 +4.9201858525e-004 +8.9971809410e+001
+7.3428704472e+003 +1.0000000000e+000 +0.0000000000e+000 +5.0719062593e-004 +8.9970940116e+001
+7.4108815156e+003 +1.0000000000e+000 +0.0000000000e+000 +5.2328224307e-004 +8.9970018135e+001
+7.4795225156e+003 +1.0000000000e+000 +0.0000000000e+000 +5.4038095551e-004 +8.9969038450e+001
+7.5487992817e+003 +1.0000000000e+000 +0.0000000000e+000 +5.5858576134e-004 +8.9967995392e+001
+7.6187177023e+003 +1.0000000000e+000 +0.0000000000e+000 +5.7800908356e-004 +8.9966882517e+001
+7.6892837208e+003 +1.0000000000e+000 +0.0000000000e+000 +5.9877912527e-004 +8.9965692481e+001
+7.7605033351e+003 +1.0000000000e+000 +0.0000000000e+000 +6.2104273872e-004 +8.9964416870e+001
+7.8323825992e+003 +1.0000000000e+000 +0.0000000000e+000 +6.4496894394e-004 +8.9963045999e+001
+7.9049276227e+003 +1.0000000000e+000 +0.0000000000e+000 +6.7075327528e-004 +8.9961568665e+001
+7.9781445721e+003 +1.0000000000e+000 +0.0000000000e+000 +6.9862319238e-004 +8.9959971836e+001
+8.0520396708e+003 +1.0000000000e+000 +0.0000000000e+000 +7.2884487256e-004 +8.9958240261e+001
+8.1266192001e+003 +1.0000000000e+000 +0.0000000000e+000 +7.6173181457e-004 +8.9956355978e+001
+8.2018894992e+003 +1.0000000000e+000 +0.0000000000e+000 +7.9765584318e-004 +8.9954297682e+001
+8.2778569662e+003 +1.0000000000e+000 +0.0000000000e+000 +8.3706133464e-004 +8.9952039913e+001
+8.3545280584e+003 +1.0000000000e+000 +0.0000000000e+000 +8.8048381900e-004 +8.9949551987e+001
+8.4319092929e+003 +1.0000000000e+000 +0.0000000000e+000 +9.2857461533e-004 +8.9946796586e+001
+8.5100072471e+003 +1.0000000000e+000 +0.0000000000e+000 +9.8213391311e-004 +8.9943727863e+001
+8.5888285595e+003 +1.0000000000e+000 +0.0000000000e+000 +1.0421558826e-003 +8.9940288856e+001
+8.6683799300e+003 +1.0000000000e+000 +0.0000000000e+000 +1.1098912464e-003 +8.9936407903e+001
+8.7486681205e+003 +1.0000000000e+000 +0.0000000000e+000 +1.1869357420e-003 +8.9931993575e+001
+8.8296999555e+003 +1.0000000000e+000 +0.0000000000e+000 +1.2753578980e-003 +8.9926927355e+001
+8.9114823228e+003 +1.0000000000e+000 +0.0000000000e+000 +1.3778881406e-003 +8.9921052800e+001
+8.9940221741e+003 +1.0000000000e+000 +0.0000000000e+000 +1.4982065575e-003 +8.9914159055e+001
+9.0773265252e+003 +1.0000000000e+000 +0.0000000000e+000 +1.6413950870e-003 +8.9905954947e+001
+9.1614024571e+003 +1.0000000000e+000 +0.0000000000e+000 +1.8146752798e-003 +8.9896026708e+001
+9.2462571164e+003 +1.0000000000e+000 +0.0000000000e+000 +2.0286667879e-003 +8.9883765875e+001
+9.3318977157e+003 +1.0000000000e+000 +0.0000000000e+000 +2.2996525462e-003 +8.9868239499e+001
+9.4183315346e+003 +1.0000000000e+000 +0.0000000000e+000 +2.6539346506e-003 +8.9847940567e+001
+9.5055659201e+003 +1.0000000000e+000 +0.0000000000e+000 +3.1369414431e-003 +8.9820266200e+001
+9.5936082871e+003 +1.0000000000e+000 +0.0000000000e+000 +3.8344752612e-003 +8.9780300213e+001
+9.6824661193e+003 +1.0000000000e+000 +0.0000000000e+000 +4.9303764501e-003 +8.9717509093e+001
+9.7721469697e+003 +1.0000000000e+000 +0.0000000000e+000 +6.9025336214e-003 +8.9604510815e+001
+9.8626584613e+003 +1.0000000000e+000 +0.0000000000e+000 +1.1502444963e-002 +8.9340943916e+001
+9.9540082876e+003 +1.0000000000e+000 +0.0000000000e+000 +3.4461000307e-002 +8.8025139115e+001
+1.0046204213e+004 +1.0000000000e+000 +0.0000000000e+000 +3.4548338894e-002 -8.8020132001e+001
+1.0139254076e+004 +1.0000000000e+000 +0.0000000000e+000 +1.1512164937e-002 -8.9340386966e+001
+1.0233165783e+004 +1.0000000000e+000 +0.0000000000e+000 +6.9060334549e-003 -8.9604310285e+001
+1.0327947319e+004 +1.0000000000e+000 +0.0000000000e+000 +4.9321622936e-003 -8.9717406771e+001
+1.0423606740e+004 +1.0000000000e+000 +0.0000000000e+000 +3.8355557241e-003 -8.9780238306e+001
+1.0520152176e+004 +1.0000000000e+000 +0.0000000000e+000 +3.1376648358e-003 -8.9820224752e+001
+1.0617591835e+004 +1.0000000000e+000 +0.0000000000e+000 +2.6544526727e-003 -8.9847910886e+001
+1.0715933998e+004 +1.0000000000e+000 +0.0000000000e+000 +2.3000417162e-003 -8.9868217201e+001
+1.0815187026e+004 +1.0000000000e+000 +0.0000000000e+000 +2.0289698438e-003 -8.9883748511e+001
+1.0915359353e+004 +1.0000000000e+000 +0.0000000000e+000 +1.8149179543e-003 -8.9896012804e+001
+1.1016459496e+004 +1.0000000000e+000 +0.0000000000e+000 +1.6415937949e-003 -8.9905943562e+001
+1.1118496048e+004 +1.0000000000e+000 +0.0000000000e+000 +1.4983722613e-003 -8.9914149561e+001
+1.1221477682e+004 +1.0000000000e+000 +0.0000000000e+000 +1.3780284396e-003 -8.9921044761e+001
+1.1325413152e+004 +1.0000000000e+000 +0.0000000000e+000 +1.2754782256e-003 -8.9926920461e+001
+1.1430311291e+004 +1.0000000000e+000 +0.0000000000e+000 +1.1870400858e-003 -8.9931987597e+001
+1.1536181017e+004 +1.0000000000e+000 +0.0000000000e+000 +1.1099825990e-003 -8.9936402669e+001
+1.1643031329e+004 +1.0000000000e+000 +0.0000000000e+000 +1.0422365336e-003 -8.9940284235e+001
+1.1750871309e+004 +1.0000000000e+000 +0.0000000000e+000 +9.8220564403e-004 -8.9943723753e+001
+1.1859710123e+004 +1.0000000000e+000 +0.0000000000e+000 +9.2863883312e-004 -8.9946792907e+001
+1.1969557024e+004 +1.0000000000e+000 +0.0000000000e+000 +8.8054164955e-004 -8.9949548673e+001
+1.2080421347e+004 +1.0000000000e+000 +0.0000000000e+000 +8.3711368960e-004 -8.9952036913e+001
+1.2192312516e+004 +1.0000000000e+000 +0.0000000000e+000 +7.9770346859e-004 -8.9954294953e+001
+1.2305240044e+004 +1.0000000000e+000 +0.0000000000e+000 +7.6177532686e-004 -8.9956353485e+001
+1.2419213527e+004 +1.0000000000e+000 +0.0000000000e+000 +7.2888478548e-004 -8.9958237974e+001
+1.2534242655e+004 +1.0000000000e+000 +0.0000000000e+000 +6.9865993754e-004 -8.9959969731e+001
+1.2650337204e+004 +1.0000000000e+000 +0.0000000000e+000 +6.7078721793e-004 -8.9961566721e+001
+1.2767507043e+004 +1.0000000000e+000 +0.0000000000e+000 +6.4500039525e-004 -8.9963044197e+001
+1.2885762132e+004 +1.0000000000e+000 +0.0000000000e+000 +6.2107196544e-004 -8.9964415195e+001
+1.3005112522e+004 +1.0000000000e+000 +0.0000000000e+000 +5.9880635736e-004 -8.9965690921e+001
+1.3125568358e+004 +1.0000000000e+000 +0.0000000000e+000 +5.7803452034e-004 -8.9966881060e+001
+1.3247139879e+004 +1.0000000000e+000 +0.0000000000e+000 +5.5860957641e-004 -8.9967994027e+001
+1.3369837418e+004 +1.0000000000e+000 +0.0000000000e+000 +5.4040330079e-004 -8.9969037170e+001
+1.3493671406e+004 +1.0000000000e+000 +0.0000000000e+000 +5.2330325208e-004 -8.9970016931e+001
+1.3618652368e+004 +1.0000000000e+000 +0.0000000000e+000 +5.0721041645e-004 -8.9970938983e+001
+1.3744790927e+004 +1.0000000000e+000 +0.0000000000e+000 +4.9203726164e-004 -8.9971808340e+001
+1.3872097805e+004 +1.0000000000e+000 +0.0000000000e+000 +4.7770611973e-004 -8.9972629454e+001
+1.4000583825e+004 +1.0000000000e+000 +0.0000000000e+000 +4.6414783583e-004 -8.9973406287e+001
+1.4130259906e+004 +1.0000000000e+000 +0.0000000000e+000 +4.5130063302e-004 -8.9974142378e+001
+1.4261137072e+004 +1.0000000000e+000 +0.0000000000e+000 +4.3910915412e-004 -8.9974840898e+001
+1.4393226447e+004 +1.0000000000e+000 +0.0000000000e+000 +4.2752364901e-004 -8.9975504699e+001
+1.4526539259e+004 +1.0000000000e+000 +0.0000000000e+000 +4.1649928244e-004 -8.9976136348e+001
+1.4661086840e+004 +1.0000000000e+000 +0.0000000000e+000 +4.0599554179e-004 -8.9976738168e+001
+1.4796880627e+004 +1.0000000000e+000 +0.0000000000e+000 +3.9597572855e-004 -8.9977312261e+001
+1.4933932161e+004 +1.0000000000e+000 +0.0000000000e+000 +3.8640651989e-004 -8.9977860537e+001
+1.5072253093e+004 +1.0000000000e+000 +0.0000000000e+000 +3.7725758931e-004 -8.9978384732e+001
+1.5211855180e+004 +1.0000000000e+000 +0.0000000000e+000 +3.6850127743e-004 -8.9978886432e+001
+1.5352750288e+004 +1.0000000000e+000 +0.0000000000e+000 +3.6011230513e-004 -8.9979367084e+001
+1.5494950393e+004 +1.0000000000e+000 +0.0000000000e+000 +3.5206752299e-004 -8.9979828016e+001
+1.5638467583e+004 +1.0000000000e+000 +0.0000000000e+000 +3.4434569174e-004 -8.9980270445e+001
+1.5783314057e+004 +1.0000000000e+000 +0.0000000000e+000 +3.3692728927e-004 -8.9980695488e+001
+1.5929502126e+004 +1.0000000000e+000 +0.0000000000e+000 +3.2979434063e-004 -8.9981104176e+001
+1.6077044217e+004 +1.0000000000e+000 +0.0000000000e+000 +3.2293026779e-004 -8.9981497458e+001
+1.6225952871e+004 +1.0000000000e+000 +0.0000000000e+000 +3.1631975658e-004 -8.9981876213e+001
+1.6376240745e+004 +1.0000000000e+000 +0.0000000000e+000 +3.0994863857e-004 -8.9982241251e+001
+1.6527920615e+004 +1.0000000000e+000 +0.0000000000e+000 +3.0380378594e-004 -8.9982593325e+001
+1.6681005372e+004 +1.0000000000e+000 +0.0000000000e+000 +2.9787301772e-004 -8.9982933133e+001
+1.6835508030e+004 +1.0000000000e+000 +0.0000000000e+000 +2.9214501599e-004 -8.9983261323e+001
+1.6991441720e+004 +1.0000000000e+000 +0.0000000000e+000 +2.8660925081e-004 -8.9983578499e+001
+1.7148819699e+004 +1.0000000000e+000 +0.0000000000e+000 +2.8125591285e-004 -8.9983885223e+001
+1.7307655342e+004 +1.0000000000e+000 +0.0000000000e+000 +2.7607585285e-004 -8.9984182019e+001
+1.7467962151e+004 +1.0000000000e+000 +0.0000000000e+000 +2.7106052704e-004 -8.9984469376e+001
+1.7629753753e+004 +1.0000000000e+000 +0.0000000000e+000 +2.6620194789e-004 -8.9984747752e+001
+1.7793043899e+004 +1.0000000000e+000 +0.0000000000e+000 +2.6149263963e-004 -8.9985017575e+001
+1.7957846470e+004 +1.0000000000e+000 +0.0000000000e+000 +2.5692559792e-004 -8.9985279247e+001
+1.8124175474e+004 +1.0000000000e+000 +0.0000000000e+000 +2.5249425330e-004 -8.9985533145e+001
+1.8292045048e+004 +1.0000000000e+000 +0.0000000000e+000 +2.4819243796e-004 -8.9985779621e+001
+1.8461469463e+004 +1.0000000000e+000 +0.0000000000e+000 +2.4401435557e-004 -8.9986019007e+001
+1.8632463119e+004 +1.0000000000e+000 +0.0000000000e+000 +2.3995455374e-004 -8.9986251617e+001
+1.8805040551e+004 +1.0000000000e+000 +0.0000000000e+000 +2.3600789887e-004 -8.9986477743e+001
+1.8979216428e+004 +1.0000000000e+000 +0.0000000000e+000 +2.3216955325e-004 -8.9986697664e+001
+1.9155005556e+004 +1.0000000000e+000 +0.0000000000e+000 +2.2843495404e-004 -8.9986911641e+001
+1.9332422876e+004 +1.0000000000e+000 +0.0000000000e+000 +2.2479979405e-004 -8.9987119920e+001
+1.9511483468e+004 +1.0000000000e+000 +0.0000000000e+000 +2.2126000409e-004 -8.9987322735e+001
+1.9692202555e+004 +1.0000000000e+000 +0.0000000000e+000 +2.1781173675e-004 -8.9987520307e+001
+1.9874595496e+004 +1.0000000000e+000 +0.0000000000e+000 +2.1445135156e-004 -8.9987712843e+001
+2.0058677795e+004 +1.0000000000e+000 +0.0000000000e+000 +2.1117540121e-004 -8.9987900541e+001
+2.0244465100e+004 +1.0000000000e+000 +0.0000000000e+000 +2.0798061899e-004 -8.9988083588e+001
+2.0431973202e+004 +1.0000000000e+000 +0.0000000000e+000 +2.0486390704e-004 -8.9988262163e+001
+2.0621218040e+004 +1.0000000000e+000 +0.0000000000e+000 +2.0182232566e-004 -8.9988436432e+001
+2.0812215700e+004 +1.0000000000e+000 +0.0000000000e+000 +1.9885308332e-004 -8.9988606558e+001
+2.1004982417e+004 +1.0000000000e+000 +0.0000000000e+000 +1.9595352746e-004 -8.9988772690e+001
+2.1199534575e+004 +1.0000000000e+000 +0.0000000000e+000 +1.9312113593e-004 -8.9988934974e+001
+2.1395888713e+004 +1.0000000000e+000 +0.0000000000e+000 +1.9035350911e-004 -8.9989093547e+001
+2.1594061521e+004 +1.0000000000e+000 +0.0000000000e+000 +1.8764836256e-004 -8.9989248541e+001
+2.1794069843e+004 +1.0000000000e+000 +0.0000000000e+000 +1.8500352015e-004 -8.9989400079e+001
+2.1995930680e+004 +1.0000000000e+000 +0.0000000000e+000 +1.8241690779e-004 -8.9989548281e+001
+2.2199661191e+004 +1.0000000000e+000 +0.0000000000e+000 +1.7988654747e-004 -8.9989693260e+001
+2.2405278693e+004 +1.0000000000e+000 +0.0000000000e+000 +1.7741055178e-004 -8.9989835124e+001
+2.2612800663e+004 +1.0000000000e+000 +0.0000000000e+000 +1.7498711878e-004 -8.9989973977e+001
+2.2822244742e+004 +1.0000000000e+000 +0.0000000000e+000 +1.7261452722e-004 -8.9990109916e+001
+2.3033628731e+004 +1.0000000000e+000 +0.0000000000e+000 +1.7029113206e-004 -8.9990243037e+001
+2.3246970600e+004 +1.0000000000e+000 +0.0000000000e+000 +1.6801536034e-004 -8.9990373429e+001
+2.3462288481e+004 +1.0000000000e+000 +0.0000000000e+000 +1.6578570720e-004 -8.9990501179e+001
+2.3679600678e+004 +1.0000000000e+000 +0.0000000000e+000 +1.6360073232e-004 -8.9990626368e+001
+2.3898925662e+004 +1.0000000000e+000 +0.0000000000e+000 +1.6145905643e-004 -8.9990749077e+001
+2.4120282076e+004 +1.0000000000e+000 +0.0000000000e+000 +1.5935935812e-004 -8.9990869381e+001
+2.4343688735e+004 +1.0000000000e+000 +0.0000000000e+000 +1.5730037088e-004 -8.9990987353e+001
+2.4569164630e+004 +1.0000000000e+000 +0.0000000000e+000 +1.5528088020e-004 -8.9991103061e+001
+2.4796728925e+004 +1.0000000000e+000 +0.0000000000e+000 +1.5329972099e-004 -8.9991216573e+001
+2.5026400964e+004 +1.0000000000e+000 +0.0000000000e+000 +1.5135577507e-004 -8.9991327953e+001
+2.5258200270e+004 +1.0000000000e+000 +0.0000000000e+000 +1.4944796881e-004 -8.9991437262e+001
+2.5492146545e+004 +1.0000000000e+000 +0.0000000000e+000 +1.4757527094e-004 -8.9991544560e+001
+2.5728259674e+004 +1.0000000000e+000 +0.0000000000e+000 +1.4573669049e-004 -8.9991649903e+001
+2.5966559729e+004 +1.0000000000e+000 +0.0000000000e+000 +1.4393127482e-004 -8.9991753345e+001
+2.6207066965e+004 +1.0000000000e+000 +0.0000000000e+000 +1.4215810780e-004 -8.9991854940e+001
+2.6449801824e+004 +1.0000000000e+000 +0.0000000000e+000 +1.4041630803e-004 -8.9991954738e+001
+2.6694784940e+004 +1.0000000000e+000 +0.0000000000e+000 +1.3870502727e-004 -8.9992052787e+001
+2.6942037137e+004 +1.0000000000e+000 +0.0000000000e+000 +1.3702344883e-004 -8.9992149135e+001
+2.7191579430e+004 +1.0000000000e+000 +0.0000000000e+000 +1.3537078613e-004 -8.9992243825e+001
+2.7443433032e+004 +1.0000000000e+000 +0.0000000000e+000 +1.3374628135e-004 -8.9992336903e+001
+2.7697619350e+004 +1.0000000000e+000 +0.0000000000e+000 +1.3214920407e-004 -8.9992428408e+001
+2.7954159991e+004 +1.0000000000e+000 +0.0000000000e+000 +1.3057885007e-004 -8.9992518383e+001
+2.8213076759e+004 +1.0000000000e+000 +0.0000000000e+000 +1.2903454017e-004 -8.9992606865e+001
+2.8474391665e+004 +1.0000000000e+000 +0.0000000000e+000 +1.2751561907e-004 -8.9992693893e+001
+2.8738126919e+004 +1.0000000000e+000 +0.0000000000e+000 +1.2602145437e-004 -8.9992779503e+001
+2.9004304939e+004 +1.0000000000e+000 +0.0000000000e+000 +1.2455143551e-004 -8.9992863728e+001
+2.9272948350e+004 +1.0000000000e+000 +0.0000000000e+000 +1.2310497288e-004 -8.9992946605e+001
+2.9544079989e+004 +1.0000000000e+000 +0.0000000000e+000 +1.2168149690e-004 -8.9993028164e+001
+2.9817722900e+004 +1.0000000000e+000 +0.0000000000e+000 +1.2028045715e-004 -8.9993108437e+001
+3.0093900344e+004 +1.0000000000e+000 +0.0000000000e+000 +1.1890132159e-004 -8.9993187456e+001
+3.0372635797e+004 +1.0000000000e+000 +0.0000000000e+000 +1.1754357580e-004 -8.9993265249e+001
+3.0653952951e+004 +1.0000000000e+000 +0.0000000000e+000 +1.1620672224e-004 -8.9993341845e+001
+3.0937875717e+004 +1.0000000000e+000 +0.0000000000e+000 +1.1489027952e-004 -8.9993417272e+001
+3.1224428231e+004 +1.0000000000e+000 +0.0000000000e+000 +1.1359378181e-004 -8.9993491556e+001
+3.1513634849e+004 +1.0000000000e+000 +0.0000000000e+000 +1.1231677816e-004 -8.9993564723e+001
+3.1805520153e+004 +1.0000000000e+000 +0.0000000000e+000 +1.1105883193e-004 -8.9993636798e+001
+3.2100108955e+004 +1.0000000000e+000 +0.0000000000e+000 +1.0981952019e-004 -8.9993707805e+001
+3.2397426295e+004 +1.0000000000e+000 +0.0000000000e+000 +1.0859843321e-004 -8.9993777768e+001
+3.2697497445e+004 +1.0000000000e+000 +0.0000000000e+000 +1.0739517394e-004 -8.9993846710e+001
+3.3000347911e+004 +1.0000000000e+000 +0.0000000000e+000 +1.0620935749e-004 -8.9993914652e+001
+3.3306003436e+004 +1.0000000000e+000 +0.0000000000e+000 +1.0504061067e-004 -8.9993981616e+001
+3.3614490001e+004 +1.0000000000e+000 +0.0000000000e+000 +1.0388857159e-004 -8.9994047623e+001
+3.3925833827e+004 +1.0000000000e+000 +0.0000000000e+000 +1.0275288913e-004 -8.9994112693e+001
+3.4240061380e+004 +1.0000000000e+000 +0.0000000000e+000 +1.0163322265e-004 -8.9994176845e+001
+3.4557199368e+004 +1.0000000000e+000 +0.0000000000e+000 +1.0052924148e-004 -8.9994240099e+001
+3.4877274748e+004 +1.0000000000e+000 +0.0000000000e+000 +9.9440624667e-005 -8.9994302472e+001
+3.5200314728e+004 +1.0000000000e+000 +0.0000000000e+000 +9.8367060512e-005 -8.9994363983e+001
+3.5526346766e+004 +1.0000000000e+000 +0.0000000000e+000 +9.7308246294e-005 -8.9994424648e+001
+3.5855398575e+004 +1.0000000000e+000 +0.0000000000e+000 +9.6263887922e-005 -8.9994484485e+001
+3.6187498124e+004 +1.0000000000e+000 +0.0000000000e+000 +9.5233699622e-005 -8.9994543511e+001
+3.6522673643e+004 +1.0000000000e+000 +0.0000000000e+000 +9.4217403643e-005 -8.9994601740e+001
+3.6860953622e+004 +1.0000000000e+000 +0.0000000000e+000 +9.3214729965e-005 -8.9994659189e+001
+3.7202366814e+004 +1.0000000000e+000 +0.0000000000e+000 +9.2225416033e-005 -8.9994715873e+001
+3.7546942241e+004 +1.0000000000e+000 +0.0000000000e+000 +9.1249206487e-005 -8.9994771806e+001
+3.7894709191e+004 +1.0000000000e+000 +0.0000000000e+000 +9.0285852912e-005 -8.9994827002e+001
+3.8245697225e+004 +1.0000000000e+000 +0.0000000000e+000 +8.9335113601e-005 -8.9994881475e+001
+3.8599936177e+004 +1.0000000000e+000 +0.0000000000e+000 +8.8396753318e-005 -8.9994935239e+001
+3.8957456158e+004 +1.0000000000e+000 +0.0000000000e+000 +8.7470543082e-005 -8.9994988307e+001
+3.9318287557e+004 +1.0000000000e+000 +0.0000000000e+000 +8.6556259949e-005 -8.9995040692e+001
+3.9682461046e+004 +1.0000000000e+000 +0.0000000000e+000 +8.5653686809e-005 -8.9995092405e+001
+4.0050007579e+004 +1.0000000000e+000 +0.0000000000e+000 +8.4762612195e-005 -8.9995143460e+001
+4.0420958398e+004 +1.0000000000e+000 +0.0000000000e+000 +8.3882830088e-005 -8.9995193868e+001
+4.0795345035e+004 +1.0000000000e+000 +0.0000000000e+000 +8.3014139739e-005 -8.9995243640e+001
+4.1173199312e+004 +1.0000000000e+000 +0.0000000000e+000 +8.2156345498e-005 -8.9995292788e+001
+4.1554553347e+004 +1.0000000000e+000 +0.0000000000e+000 +8.1309256642e-005 -8.9995341323e+001
+4.1939439557e+004 +1.0000000000e+000 +0.0000000000e+000 +8.0472687219e-005 -8.9995389255e+001
+4.2327890656e+004 +1.0000000000e+000 +0.0000000000e+000 +7.9646455895e-005 -8.9995436594e+001
+4.2719939663e+004 +1.0000000000e+000 +0.0000000000e+000 +7.8830385798e-005 -8.9995483352e+001
+4.3115619903e+004 +1.0000000000e+000 +0.0000000000e+000 +7.8024304386e-005 -8.9995529537e+001
+4.3514965009e+004 +1.0000000000e+000 +0.0000000000e+000 +7.7228043301e-005 -8.9995575159e+001
+4.3918008926e+004 +1.0000000000e+000 +0.0000000000e+000 +7.6441438242e-005 -8.9995620228e+001
+4.4324785912e+004 +1.0000000000e+000 +0.0000000000e+000 +7.5664328839e-005 -8.9995664753e+001
+4.4735330545e+004 +1.0000000000e+000 +0.0000000000e+000 +7.4896558524e-005 -8.9995708743e+001
+4.5149677720e+004 +1.0000000000e+000 +0.0000000000e+000 +7.4137974423e-005 -8.9995752207e+001
+4.5567862658e+004 +1.0000000000e+000 +0.0000000000e+000 +7.3388427233e-005 -8.9995795153e+001
+4.5989920905e+004 +1.0000000000e+000 +0.0000000000e+000 +7.2647771120e-005 -8.9995837589e+001
+4.6415888336e+004 +1.0000000000e+000 +0.0000000000e+000 +7.1915863611e-005 -8.9995879525e+001
+4.6845801159e+004 +1.0000000000e+000 +0.0000000000e+000 +7.1192565490e-005 -8.9995920966e+001
+4.7279695916e+004 +1.0000000000e+000 +0.0000000000e+000 +7.0477740707e-005 -8.9995961923e+001
+4.7717609489e+004 +1.0000000000e+000 +0.0000000000e+000 +6.9771256276e-005 -8.9996002401e+001
+4.8159579102e+004 +1.0000000000e+000 +0.0000000000e+000 +6.9072982190e-005 -8.9996042410e+001
+4.8605642321e+004 +1.0000000000e+000 +0.0000000000e+000 +6.8382791330e-005 -8.9996081955e+001
+4.9055837064e+004 +1.0000000000e+000 +0.0000000000e+000 +6.7700559381e-005 -8.9996121044e+001
+4.9510201596e+004 +1.0000000000e+000 +0.0000000000e+000 +6.7026164753e-005 -8.9996159684e+001
+4.9968774539e+004 +1.0000000000e+000 +0.0000000000e+000 +6.6359488498e-005 -8.9996197881e+001
+5.0431594872e+004 +1.0000000000e+000 +0.0000000000e+000 +6.5700414237e-005 -8.9996235644e+001
+5.0898701935e+004 +1.0000000000e+000 +0.0000000000e+000 +6.5048828086e-005 -8.9996272977e+001
+5.1370135434e+004 +1.0000000000e+000 +0.0000000000e+000 +6.4404618584e-005 -8.9996309887e+001
+5.1845935439e+004 +1.0000000000e+000 +0.0000000000e+000 +6.3767676625e-005 -8.9996346381e+001
+5.2326142395e+004 +1.0000000000e+000 +0.0000000000e+000 +6.3137895393e-005 -8.9996382465e+001
+5.2810797119e+004 +1.0000000000e+000 +0.0000000000e+000 +6.2515170298e-005 -8.9996418145e+001
+5.3299940808e+004 +1.0000000000e+000 +0.0000000000e+000 +6.1899398912e-005 -8.9996453426e+001
+5.3793615040e+004 +1.0000000000e+000 +0.0000000000e+000 +6.1290480912e-005 -8.9996488314e+001
+5.4291861776e+004 +1.0000000000e+000 +0.0000000000e+000 +6.0688318020e-005 -8.9996522816e+001
+5.4794723369e+004 +1.0000000000e+000 +0.0000000000e+000 +6.0092813949e-005 -8.9996556935e+001
+5.5302242562e+004 +1.0000000000e+000 +0.0000000000e+000 +5.9503874348e-005 -8.9996590679e+001
+5.5814462495e+004 +1.0000000000e+000 +0.0000000000e+000 +5.8921406752e-005 -8.9996624052e+001
+5.6331426706e+004 +1.0000000000e+000 +0.0000000000e+000 +5.8345320526e-005 -8.9996657059e+001
+5.6853179139e+004 +1.0000000000e+000 +0.0000000000e+000 +5.7775526824e-005 -8.9996689706e+001
+5.7379764142e+004 +1.0000000000e+000 +0.0000000000e+000 +5.7211938534e-005 -8.9996721997e+001
+5.7911226476e+004 +1.0000000000e+000 +0.0000000000e+000 +5.6654470239e-005 -8.9996753938e+001
+5.8447611316e+004 +1.0000000000e+000 +0.0000000000e+000 +5.6103038168e-005 -8.9996785533e+001
+5.8988964255e+004 +1.0000000000e+000 +0.0000000000e+000 +5.5557560153e-005 -8.9996816786e+001
+5.9535331308e+004 +1.0000000000e+000 +0.0000000000e+000 +5.5017955593e-005 -8.9996847703e+001
+6.0086758917e+004 +1.0000000000e+000 +0.0000000000e+000 +5.4484145407e-005 -8.9996878288e+001
+6.0643293954e+004 +1.0000000000e+000 +0.0000000000e+000 +5.3956051998e-005 -8.9996908546e+001
+6.1204983725e+004 +1.0000000000e+000 +0.0000000000e+000 +5.3433599218e-005 -8.9996938480e+001
+6.1771875973e+004 +1.0000000000e+000 +0.0000000000e+000 +5.2916712325e-005 -8.9996968096e+001
+6.2344018886e+004 +1.0000000000e+000 +0.0000000000e+000 +5.2405317954e-005 -8.9996997396e+001
+6.2921461096e+004 +1.0000000000e+000 +0.0000000000e+000 +5.1899344080e-005 -8.9997026387e+001
+6.3504251686e+004 +1.0000000000e+000 +0.0000000000e+000 +5.1398719982e-005 -8.9997055070e+001
+6.4092440194e+004 +1.0000000000e+000 +0.0000000000e+000 +5.0903376216e-005 -8.9997083451e+001
+6.4686076615e+004 +1.0000000000e+000 +0.0000000000e+000 +5.0413244580e-005 -8.9997111534e+001
+6.5285211411e+004 +1.0000000000e+000 +0.0000000000e+000 +4.9928258085e-005 -8.9997139322e+001
+6.5889895508e+004 +1.0000000000e+000 +0.0000000000e+000 +4.9448350926e-005 -8.9997166818e+001
+6.6500180304e+004 +1.0000000000e+000 +0.0000000000e+000 +4.8973458451e-005 -8.9997194028e+001
+6.7116117675e+004 +1.0000000000e+000 +0.0000000000e+000 +4.8503517136e-005 -8.9997220953e+001
+6.7737759975e+004 +1.0000000000e+000 +0.0000000000e+000 +4.8038464558e-005 -8.9997247599e+001
+6.8365160045e+004 +1.0000000000e+000 +0.0000000000e+000 +4.7578239367e-005 -8.9997273968e+001
+6.8998371214e+004 +1.0000000000e+000 +0.0000000000e+000 +4.7122781262e-005 -8.9997300064e+001
+6.9637447306e+004 +1.0000000000e+000 +0.0000000000e+000 +4.6672030967e-005 -8.9997325890e+001
+7.0282442643e+004 +1.0000000000e+000 +0.0000000000e+000 +4.6225930204e-005 -8.9997351449e+001
+7.0933412050e+004 +1.0000000000e+000 +0.0000000000e+000 +4.5784421675e-005 -8.9997376746e+001
+7.1590410860e+004 +1.0000000000e+000 +0.0000000000e+000 +4.5347449035e-005 -8.9997401783e+001
+7.2253494918e+004 +1.0000000000e+000 +0.0000000000e+000 +4.4914956872e-005 -8.9997426563e+001
+7.2922720587e+004 +1.0000000000e+000 +0.0000000000e+000 +4.4486890686e-005 -8.9997451089e+001
+7.3598144753e+004 +1.0000000000e+000 +0.0000000000e+000 +4.4063196868e-005 -8.9997475365e+001
+7.4279824826e+004 +1.0000000000e+000 +0.0000000000e+000 +4.3643822678e-005 -8.9997499393e+001
+7.4967818750e+004 +1.0000000000e+000 +0.0000000000e+000 +4.3228716229e-005 -8.9997523177e+001
+7.5662185005e+004 +1.0000000000e+000 +0.0000000000e+000 +4.2817826468e-005 -8.9997546719e+001
+7.6362982613e+004 +1.0000000000e+000 +0.0000000000e+000 +4.2411103153e-005 -8.9997570023e+001
+7.7070271142e+004 +1.0000000000e+000 +0.0000000000e+000 +4.2008496839e-005 -8.9997593090e+001
+7.7784110713e+004 +1.0000000000e+000 +0.0000000000e+000 +4.1609958862e-005 -8.9997615925e+001
+7.8504562002e+004 +1.0000000000e+000 +0.0000000000e+000 +4.1215441317e-005 -8.9997638529e+001
+7.9231686249e+004 +1.0000000000e+000 +0.0000000000e+000 +4.0824897046e-005 -8.9997660906e+001
+7.9965545259e+004 +1.0000000000e+000 +0.0000000000e+000 +4.0438279619e-005 -8.9997683057e+001
+8.0706201411e+004 +1.0000000000e+000 +0.0000000000e+000 +4.0055543322e-005 -8.9997704986e+001
+8.1453717663e+004 +1.0000000000e+000 +0.0000000000e+000 +3.9676643138e-005 -8.9997726696e+001
+8.2208157552e+004 +1.0000000000e+000 +0.0000000000e+000 +3.9301534735e-005 -8.9997748188e+001
+8.2969585208e+004 +1.0000000000e+000 +0.0000000000e+000 +3.8930174449e-005 -8.9997769465e+001
+8.3738065353e+004 +1.0000000000e+000 +0.0000000000e+000 +3.8562519273e-005 -8.9997790530e+001
+8.4513663307e+004 +1.0000000000e+000 +0.0000000000e+000 +3.8198526843e-005 -8.9997811386e+001
+8.5296444997e+004 +1.0000000000e+000 +0.0000000000e+000 +3.7838155421e-005 -8.9997832033e+001
+8.6086476961e+004 +1.0000000000e+000 +0.0000000000e+000 +3.7481363888e-005 -8.9997852476e+001
+8.6883826353e+004 +1.0000000000e+000 +0.0000000000e+000 +3.7128111727e-005 -8.9997872716e+001
+8.7688560946e+004 +1.0000000000e+000 +0.0000000000e+000 +3.6778359011e-005 -8.9997892755e+001
+8.8500749145e+004 +1.0000000000e+000 +0.0000000000e+000 +3.6432066395e-005 -8.9997912596e+001
+8.9320459986e+004 +1.0000000000e+000 +0.0000000000e+000 +3.6089195101e-005 -8.9997932241e+001
+9.0147763145e+004 +1.0000000000e+000 +0.0000000000e+000 +3.5749706905e-005 -8.9997951693e+001
+9.0982728945e+004 +1.0000000000e+000 +0.0000000000e+000 +3.5413564133e-005 -8.9997970952e+001
+9.1825428357e+004 +1.0000000000e+000 +0.0000000000e+000 +3.5080729640e-005 -8.9997990022e+001
+9.2675933011e+004 +1.0000000000e+000 +0.0000000000e+000 +3.4751166812e-005 -8.9998008905e+001
+9.3534315203e+004 +1.0000000000e+000 +0.0000000000e+000 +3.4424839543e-005 -8.9998027602e+001
+9.4400647894e+004 +1.0000000000e+000 +0.0000000000e+000 +3.4101712234e-005 -8.9998046116e+001
+9.5275004724e+004 +1.0000000000e+000 +0.0000000000e+000 +3.3781749783e-005 -8.9998064448e+001
+9.6157460014e+004 +1.0000000000e+000 +0.0000000000e+000 +3.3464917568e-005 -8.9998082601e+001
+9.7048088774e+004 +1.0000000000e+000 +0.0000000000e+000 +3.3151181446e-005 -8.9998100577e+001
+9.7946966707e+004 +1.0000000000e+000 +0.0000000000e+000 +3.2840507741e-005 -8.9998118378e+001
+9.8854170219e+004 +1.0000000000e+000 +0.0000000000e+000 +3.2532863235e-005 -8.9998136004e+001
+9.9769776424e+004 +1.0000000000e+000 +0.0000000000e+000 +3.2228215158e-005 -8.9998153459e+001
+1.0069386315e+005 +1.0000000000e+000 +0.0000000000e+000 +3.1926531184e-005 -8.9998170745e+001
+1.0162650894e+005 +1.0000000000e+000 +0.0000000000e+000 +3.1627779419e-005 -8.9998187862e+001
+1.0256779307e+005 +1.0000000000e+000 +0.0000000000e+000 +3.1331928394e-005 -8.9998204813e+001
+1.0351779556e+005 +1.0000000000e+000 +0.0000000000e+000 +3.1038947058e-005 -8.9998221599e+001
+1.0447659716e+005 +1.0000000000e+000 +0.0000000000e+000 +3.0748804769e-005 -8.9998238223e+001
+1.0544427935e+005 +1.0000000000e+000 +0.0000000000e+000 +3.0461471289e-005 -8.9998254686e+001
+1.0642092441e+005 +1.0000000000e+000 +0.0000000000e+000 +3.0176916776e-005 -8.9998270990e+001
+1.0740661533e+005 +1.0000000000e+000 +0.0000000000e+000 +2.9895111775e-005 -8.9998287136e+001
+1.0840143592e+005 +1.0000000000e+000 +0.0000000000e+000 +2.9616027213e-005 -8.9998303127e+001
+1.0940547072e+005 +1.0000000000e+000 +0.0000000000e+000 +2.9339634391e-005 -8.9998318963e+001
+1.1041880509e+005 +1.0000000000e+000 +0.0000000000e+000 +2.9065904981e-005 -8.9998334646e+001
+1.1144152515e+005 +1.0000000000e+000 +0.0000000000e+000 +2.8794811014e-005 -8.9998350179e+001
+1.1247371784e+005 +1.0000000000e+000 +0.0000000000e+000 +2.8526324878e-005 -8.9998365562e+001
+1.1351547089e+005 +1.0000000000e+000 +0.0000000000e+000 +2.8260419312e-005 -8.9998380797e+001
+1.1456687286e+005 +1.0000000000e+000 +0.0000000000e+000 +2.7997067396e-005 -8.9998395886e+001
+1.1562801312e+005 +1.0000000000e+000 +0.0000000000e+000 +2.7736242549e-005 -8.9998410830e+001
+1.1669898186e+005 +1.0000000000e+000 +0.0000000000e+000 +2.7477918523e-005 -8.9998425631e+001
+1.1777987012e+005 +1.0000000000e+000 +0.0000000000e+000 +2.7222069396e-005 -8.9998440290e+001
+1.1887076977e+005 +1.0000000000e+000 +0.0000000000e+000 +2.6968669566e-005 -8.9998454809e+001
+1.1997177354e+005 +1.0000000000e+000 +0.0000000000e+000 +2.6717693749e-005 -8.9998469189e+001
+1.2108297502e+005 +1.0000000000e+000 +0.0000000000e+000 +2.6469116969e-005 -8.9998483431e+001
+1.2220446866e+005 +1.0000000000e+000 +0.0000000000e+000 +2.6222914557e-005 -8.9998497538e+001
+1.2333634979e+005 +1.0000000000e+000 +0.0000000000e+000 +2.5979062146e-005 -8.9998511509e+001
+1.2447871462e+005 +1.0000000000e+000 +0.0000000000e+000 +2.5737535662e-005 -8.9998525348e+001
+1.2563166025e+005 +1.0000000000e+000 +0.0000000000e+000 +2.5498311324e-005 -8.9998539054e+001
+1.2679528468e+005 +1.0000000000e+000 +0.0000000000e+000 +2.5261365635e-005 -8.9998552630e+001
+1.2796968682e+005 +1.0000000000e+000 +0.0000000000e+000 +2.5026675383e-005 -8.9998566077e+001
+1.2915496650e+005 +1.0000000000e+000 +0.0000000000e+000 +2.4794217630e-005 -8.9998579396e+001
+1.3035122447e+005 +1.0000000000e+000 +0.0000000000e+000 +2.4563969712e-005 -8.9998592588e+001
+1.3155856240e+005 +1.0000000000e+000 +0.0000000000e+000 +2.4335909236e-005 -8.9998605655e+001
+1.3277708294e+005 +1.0000000000e+000 +0.0000000000e+000 +2.4110014069e-005 -8.9998618598e+001
+1.3400688964e+005 +1.0000000000e+000 +0.0000000000e+000 +2.3886262343e-005 -8.9998631418e+001
+1.3524808704e+005 +1.0000000000e+000 +0.0000000000e+000 +2.3664632443e-005 -8.9998644116e+001
+1.3650078065e+005 +1.0000000000e+000 +0.0000000000e+000 +2.3445103007e-005 -8.9998656695e+001
+1.3776507695e+005 +1.0000000000e+000 +0.0000000000e+000 +2.3227652924e-005 -8.9998669154e+001
+1.3904108341e+005 +1.0000000000e+000 +0.0000000000e+000 +2.3012261324e-005 -8.9998681495e+001
+1.4032890848e+005 +1.0000000000e+000 +0.0000000000e+000 +2.2798907582e-005 -8.9998693719e+001
+1.4162866163e+005 +1.0000000000e+000 +0.0000000000e+000 +2.2587571308e-005 -8.9998705827e+001
+1.4294045334e+005 +1.0000000000e+000 +0.0000000000e+000 +2.2378232346e-005 -8.9998717822e+001
+1.4426439512e+005 +1.0000000000e+000 +0.0000000000e+000 +2.2170870773e-005 -8.9998729703e+001
+1.4560059950e+005 +1.0000000000e+000 +0.0000000000e+000 +2.1965466890e-005 -8.9998741471e+001
+1.4694918006e+005 +1.0000000000e+000 +0.0000000000e+000 +2.1762001223e-005 -8.9998753129e+001
+1.4831025143e+005 +1.0000000000e+000 +0.0000000000e+000 +2.1560454520e-005 -8.9998764677e+001
+1.4968392931e+005 +1.0000000000e+000 +0.0000000000e+000 +2.1360807745e-005 -8.9998776116e+001
+1.5107033045e+005 +1.0000000000e+000 +0.0000000000e+000 +2.1163042076e-005 -8.9998787447e+001
+1.5246957270e+005 +1.0000000000e+000 +0.0000000000e+000 +2.0967138902e-005 -8.9998798671e+001
+1.5388177500e+005 +1.0000000000e+000 +0.0000000000e+000 +2.0773079821e-005 -8.9998809790e+001
+1.5530705739e+005 +1.0000000000e+000 +0.0000000000e+000 +2.0580846636e-005 -8.9998820804e+001
+1.5674554102e+005 +1.0000000000e+000 +0.0000000000e+000 +2.0390421352e-005 -8.9998831715e+001
+1.5819734816e+005 +1.0000000000e+000 +0.0000000000e+000 +2.0201786174e-005 -8.9998842523e+001
+1.5966260221e+005 +1.0000000000e+000 +0.0000000000e+000 +2.0014923503e-005 -8.9998853229e+001
+1.6114142773e+005 +1.0000000000e+000 +0.0000000000e+000 +1.9829815933e-005 -8.9998863835e+001
+1.6263395040e+005 +1.0000000000e+000 +0.0000000000e+000 +1.9646446252e-005 -8.9998874342e+001
+1.6414029711e+005 +1.0000000000e+000 +0.0000000000e+000 +1.9464797433e-005 -8.9998884749e+001
+1.6566059589e+005 +1.0000000000e+000 +0.0000000000e+000 +1.9284852639e-005 -8.9998895059e+001
+1.6719497597e+005 +1.0000000000e+000 +0.0000000000e+000 +1.9106595213e-005 -8.9998905273e+001
+1.6874356777e+005 +1.0000000000e+000 +0.0000000000e+000 +1.8930008681e-005 -8.9998915390e+001
+1.7030650293e+005 +1.0000000000e+000 +0.0000000000e+000 +1.8755076747e-005 -8.9998925413e+001
+1.7188391428e+005 +1.0000000000e+000 +0.0000000000e+000 +1.8581783290e-005 -8.9998935342e+001
+1.7347593592e+005 +1.0000000000e+000 +0.0000000000e+000 +1.8410112365e-005 -8.9998945178e+001
+1.7508270317e+005 +1.0000000000e+000 +0.0000000000e+000 +1.8240048197e-005 -8.9998954922e+001
+1.7670435261e+005 +1.0000000000e+000 +0.0000000000e+000 +1.8071575179e-005 -8.9998964575e+001
+1.7834102207e+005 +1.0000000000e+000 +0.0000000000e+000 +1.7904677875e-005 -8.9998974138e+001
+1.7999285068e+005 +1.0000000000e+000 +0.0000000000e+000 +1.7739341009e-005 -8.9998983611e+001
+1.8165997884e+005 +1.0000000000e+000 +0.0000000000e+000 +1.7575549471e-005 -8.9998992995e+001
+1.8334254826e+005 +1.0000000000e+000 +0.0000000000e+000 +1.7413288310e-005 -8.9999002292e+001
+1.8504070195e+005 +1.0000000000e+000 +0.0000000000e+000 +1.7252542733e-005 -8.9999011502e+001
+1.8675458428e+005 +1.0000000000e+000 +0.0000000000e+000 +1.7093298105e-005 -8.9999020626e+001
+1.8848434090e+005 +1.0000000000e+000 +0.0000000000e+000 +1.6935539943e-005 -8.9999029665e+001
+1.9023011887e+005 +1.0000000000e+000 +0.0000000000e+000 +1.6779253920e-005 -8.9999038620e+001
+1.9199206656e+005 +1.0000000000e+000 +0.0000000000e+000 +1.6624425856e-005 -8.9999047491e+001
+1.9377033375e+005 +1.0000000000e+000 +0.0000000000e+000 +1.6471041721e-005 -8.9999056279e+001
+1.9556507159e+005 +1.0000000000e+000 +0.0000000000e+000 +1.6319087631e-005 -8.9999064985e+001
+1.9737643263e+005 +1.0000000000e+000 +0.0000000000e+000 +1.6168549848e-005 -8.9999073610e+001
+1.9920457085e+005 +1.0000000000e+000 +0.0000000000e+000 +1.6019414776e-005 -8.9999082155e+001
+2.0104964163e+005 +1.0000000000e+000 +0.0000000000e+000 +1.5871668961e-005 -8.9999090620e+001
+2.0291180180e+005 +1.0000000000e+000 +0.0000000000e+000 +1.5725299088e-005 -8.9999099007e+001
+2.0479120967e+005 +1.0000000000e+000 +0.0000000000e+000 +1.5580291979e-005 -8.9999107315e+001
+2.0668802496e+005 +1.0000000000e+000 +0.0000000000e+000 +1.5436634593e-005 -8.9999115546e+001
+2.0860240892e+005 +1.0000000000e+000 +0.0000000000e+000 +1.5294314025e-005 -8.9999123700e+001
+2.1053452428e+005 +1.0000000000e+000 +0.0000000000e+000 +1.5153317498e-005 -8.9999131779e+001
+2.1248453525e+005 +1.0000000000e+000 +0.0000000000e+000 +1.5013632372e-005 -8.9999139782e+001
+2.1445260760e+005 +1.0000000000e+000 +0.0000000000e+000 +1.4875246132e-005 -8.9999147711e+001
+2.1643890861e+005 +1.0000000000e+000 +0.0000000000e+000 +1.4738146394e-005 -8.9999155566e+001
+2.1844360711e+005 +1.0000000000e+000 +0.0000000000e+000 +1.4602320898e-005 -8.9999163349e+001
+2.2046687352e+005 +1.0000000000e+000 +0.0000000000e+000 +1.4467757511e-005 -8.9999171059e+001
+2.2250887981e+005 +1.0000000000e+000 +0.0000000000e+000 +1.4334444222e-005 -8.9999178697e+001
+2.2456979955e+005 +1.0000000000e+000 +0.0000000000e+000 +1.4202369142e-005 -8.9999186264e+001
+2.2664980793e+005 +1.0000000000e+000 +0.0000000000e+000 +1.4071520504e-005 -8.9999193761e+001
+2.2874908174e+005 +1.0000000000e+000 +0.0000000000e+000 +1.3941886660e-005 -8.9999201189e+001
+2.3086779942e+005 +1.0000000000e+000 +0.0000000000e+000 +1.3813456077e-005 -8.9999208547e+001
+2.3300614107e+005 +1.0000000000e+000 +0.0000000000e+000 +1.3686217341e-005 -8.9999215838e+001
+2.3516428845e+005 +1.0000000000e+000 +0.0000000000e+000 +1.3560159152e-005 -8.9999223060e+001
+2.3734242500e+005 +1.0000000000e+000 +0.0000000000e+000 +1.3435270324e-005 -8.9999230216e+001
+2.3954073587e+005 +1.0000000000e+000 +0.0000000000e+000 +1.3311539784e-005 -8.9999237305e+001
+2.4175940792e+005 +1.0000000000e+000 +0.0000000000e+000 +1.3188956568e-005 -8.9999244328e+001
+2.4399862973e+005 +1.0000000000e+000 +0.0000000000e+000 +1.3067509824e-005 -8.9999251287e+001
+2.4625859164e+005 +1.0000000000e+000 +0.0000000000e+000 +1.2947188807e-005 -8.9999258181e+001
+2.4853948574e+005 +1.0000000000e+000 +0.0000000000e+000 +1.2827982879e-005 -8.9999265011e+001
+2.5084150593e+005 +1.0000000000e+000 +0.0000000000e+000 +1.2709881510e-005 -8.9999271777e+001
+2.5316484786e+005 +1.0000000000e+000 +0.0000000000e+000 +1.2592874272e-005 -8.9999278481e+001
+2.5550970904e+005 +1.0000000000e+000 +0.0000000000e+000 +1.2476950844e-005 -8.9999285123e+001
+2.5787628876e+005 +1.0000000000e+000 +0.0000000000e+000 +1.2362101004e-005 -8.9999291704e+001
+2.6026478820e+005 +1.0000000000e+000 +0.0000000000e+000 +1.2248314634e-005 -8.9999298223e+001
+2.6267541037e+005 +1.0000000000e+000 +0.0000000000e+000 +1.2135581715e-005 -8.9999304682e+001
+2.6510836019e+005 +1.0000000000e+000 +0.0000000000e+000 +1.2023892327e-005 -8.9999311082e+001
+2.6756384446e+005 +1.0000000000e+000 +0.0000000000e+000 +1.1913236648e-005 -8.9999317422e+001
+2.7004207188e+005 +1.0000000000e+000 +0.0000000000e+000 +1.1803604953e-005 -8.9999323703e+001
+2.7254325313e+005 +1.0000000000e+000 +0.0000000000e+000 +1.1694987613e-005 -8.9999329927e+001
+2.7506760079e+005 +1.0000000000e+000 +0.0000000000e+000 +1.1587375093e-005 -8.9999336092e+001
+2.7761532944e+005 +1.0000000000e+000 +0.0000000000e+000 +1.1480757953e-005 -8.9999342201e+001
+2.8018665565e+005 +1.0000000000e+000 +0.0000000000e+000 +1.1375126844e-005 -8.9999348253e+001
+2.8278179796e+005 +1.0000000000e+000 +0.0000000000e+000 +1.1270472510e-005 -8.9999354249e+001
+2.8540097698e+005 +1.0000000000e+000 +0.0000000000e+000 +1.1166785785e-005 -8.9999360190e+001
+2.8804441534e+005 +1.0000000000e+000 +0.0000000000e+000 +1.1064057594e-005 -8.9999366076e+001
+2.9071233773e+005 +1.0000000000e+000 +0.0000000000e+000 +1.0962278947e-005 -8.9999371908e+001
+2.9340497092e+005 +1.0000000000e+000 +0.0000000000e+000 +1.0861440946e-005 -8.9999377685e+001
+2.9612254380e+005 +1.0000000000e+000 +0.0000000000e+000 +1.0761534777e-005 -8.9999383409e+001
+2.9886528736e+005 +1.0000000000e+000 +0.0000000000e+000 +1.0662551713e-005 -8.9999389081e+001
+3.0163343473e+005 +1.0000000000e+000 +0.0000000000e+000 +1.0564483111e-005 -8.9999394700e+001
+3.0442722121e+005 +1.0000000000e+000 +0.0000000000e+000 +1.0467320415e-005 -8.9999400267e+001
+3.0724688427e+005 +1.0000000000e+000 +0.0000000000e+000 +1.0371055147e-005 -8.9999405782e+001
+3.1009266359e+005 +1.0000000000e+000 +0.0000000000e+000 +1.0275678915e-005 -8.9999411247e+001
+3.1296480107e+005 +1.0000000000e+000 +0.0000000000e+000 +1.0181183408e-005 -8.9999416661e+001
+3.1586354083e+005 +1.0000000000e+000 +0.0000000000e+000 +1.0087560393e-005 -8.9999422025e+001
+3.1878912927e+005 +1.0000000000e+000 +0.0000000000e+000 +9.9948017199e-006 -8.9999427340e+001
+3.2174181507e+005 +1.0000000000e+000 +0.0000000000e+000 +9.9028993153e-006 -8.9999432606e+001
+3.2472184921e+005 +1.0000000000e+000 +0.0000000000e+000 +9.8118451841e-006 -8.9999437823e+001
+3.2772948499e+005 +1.0000000000e+000 +0.0000000000e+000 +9.7216314086e-006 -8.9999442992e+001
+3.3076497807e+005 +1.0000000000e+000 +0.0000000000e+000 +9.6322501473e-006 -8.9999448113e+001
+3.3382858647e+005 +1.0000000000e+000 +0.0000000000e+000 +9.5436936341e-006 -8.9999453187e+001
+3.3692057060e+005 +1.0000000000e+000 +0.0000000000e+000 +9.4559541777e-006 -8.9999458214e+001
+3.4004119327e+005 +1.0000000000e+000 +0.0000000000e+000 +9.3690241608e-006 -8.9999463194e+001
+3.4319071975e+005 +1.0000000000e+000 +0.0000000000e+000 +9.2828960391e-006 -8.9999468129e+001
+3.4636941774e+005 +1.0000000000e+000 +0.0000000000e+000 +9.1975623408e-006 -8.9999473018e+001
+3.4957755744e+005 +1.0000000000e+000 +0.0000000000e+000 +9.1130156659e-006 -8.9999477863e+001
+3.5281541154e+005 +1.0000000000e+000 +0.0000000000e+000 +9.0292486850e-006 -8.9999482662e+001
+3.5608325526e+005 +1.0000000000e+000 +0.0000000000e+000 +8.9462541390e-006 -8.9999487417e+001
+3.5938136638e+005 +1.0000000000e+000 +0.0000000000e+000 +8.8640248385e-006 -8.9999492129e+001
+3.6271002523e+005 +1.0000000000e+000 +0.0000000000e+000 +8.7825536625e-006 -8.9999496797e+001
+3.6606951476e+005 +1.0000000000e+000 +0.0000000000e+000 +8.7018335582e-006 -8.9999501422e+001
+3.6946012052e+005 +1.0000000000e+000 +0.0000000000e+000 +8.6218575400e-006 -8.9999506004e+001
+3.7288213072e+005 +1.0000000000e+000 +0.0000000000e+000 +8.5426186892e-006 -8.9999510544e+001
+3.7633583623e+005 +1.0000000000e+000 +0.0000000000e+000 +8.4641101528e-006 -8.9999515042e+001
+3.7982153062e+005 +1.0000000000e+000 +0.0000000000e+000 +8.3863251432e-006 -8.9999519499e+001
+3.8333951018e+005 +1.0000000000e+000 +0.0000000000e+000 +8.3092569375e-006 -8.9999523915e+001
+3.8689007393e+005 +1.0000000000e+000 +0.0000000000e+000 +8.2328988767e-006 -8.9999528290e+001
+3.9047352369e+005 +1.0000000000e+000 +0.0000000000e+000 +8.1572443650e-006 -8.9999532624e+001
+3.9409016404e+005 +1.0000000000e+000 +0.0000000000e+000 +8.0822868695e-006 -8.9999536919e+001
+3.9774030241e+005 +1.0000000000e+000 +0.0000000000e+000 +8.0080199191e-006 -8.9999541174e+001
+4.0142424905e+005 +1.0000000000e+000 +0.0000000000e+000 +7.9344371044e-006 -8.9999545390e+001
+4.0514231711e+005 +1.0000000000e+000 +0.0000000000e+000 +7.8615320766e-006 -8.9999549567e+001
+4.0889482263e+005 +1.0000000000e+000 +0.0000000000e+000 +7.7892985471e-006 -8.9999553706e+001
+4.1268208457e+005 +1.0000000000e+000 +0.0000000000e+000 +7.7177302870e-006 -8.9999557807e+001
+4.1650442485e+005 +1.0000000000e+000 +0.0000000000e+000 +7.6468211262e-006 -8.9999561869e+001
+4.2036216838e+005 +1.0000000000e+000 +0.0000000000e+000 +7.5765649532e-006 -8.9999565895e+001
+4.2425564307e+005 +1.0000000000e+000 +0.0000000000e+000 +7.5069557141e-006 -8.9999569883e+001
+4.2818517987e+005 +1.0000000000e+000 +0.0000000000e+000 +7.4379874123e-006 -8.9999573835e+001
+4.3215111278e+005 +1.0000000000e+000 +0.0000000000e+000 +7.3696541081e-006 -8.9999577750e+001
+4.3615377892e+005 +1.0000000000e+000 +0.0000000000e+000 +7.3019499174e-006 -8.9999581629e+001
+4.4019351852e+005 +1.0000000000e+000 +0.0000000000e+000 +7.2348690122e-006 -8.9999585473e+001
+4.4427067496e+005 +1.0000000000e+000 +0.0000000000e+000 +7.1684056190e-006 -8.9999589281e+001
+4.4838559480e+005 +1.0000000000e+000 +0.0000000000e+000 +7.1025540190e-006 -8.9999593054e+001
+4.5253862782e+005 +1.0000000000e+000 +0.0000000000e+000 +7.0373085472e-006 -8.9999596792e+001
+4.5673012702e+005 +1.0000000000e+000 +0.0000000000e+000 +6.9726635921e-006 -8.9999600496e+001
+4.6096044868e+005 +1.0000000000e+000 +0.0000000000e+000 +6.9086135950e-006 -8.9999604166e+001
+4.6522995240e+005 +1.0000000000e+000 +0.0000000000e+000 +6.8451530493e-006 -8.9999607802e+001
+4.6953900107e+005 +1.0000000000e+000 +0.0000000000e+000 +6.7822765004e-006 -8.9999611404e+001
+4.7388796097e+005 +1.0000000000e+000 +0.0000000000e+000 +6.7199785451e-006 -8.9999614974e+001
+4.7827720177e+005 +1.0000000000e+000 +0.0000000000e+000 +6.6582538307e-006 -8.9999618510e+001
+4.8270709656e+005 +1.0000000000e+000 +0.0000000000e+000 +6.5970970550e-006 -8.9999622014e+001
+4.8717802188e+005 +1.0000000000e+000 +0.0000000000e+000 +6.5365029655e-006 -8.9999625486e+001
+4.9169035776e+005 +1.0000000000e+000 +0.0000000000e+000 +6.4764663590e-006 -8.9999628926e+001
+4.9624448776e+005 +1.0000000000e+000 +0.0000000000e+000 +6.4169820812e-006 -8.9999632334e+001
+5.0084079898e+005 +1.0000000000e+000 +0.0000000000e+000 +6.3580450261e-006 -8.9999635711e+001
+5.0547968212e+005 +1.0000000000e+000 +0.0000000000e+000 +6.2996501356e-006 -8.9999639057e+001
+5.1016153147e+005 +1.0000000000e+000 +0.0000000000e+000 +6.2417923990e-006 -8.9999642372e+001
+5.1488674501e+005 +1.0000000000e+000 +0.0000000000e+000 +6.1844668524e-006 -8.9999645656e+001
+5.1965572438e+005 +1.0000000000e+000 +0.0000000000e+000 +6.1276685787e-006 -8.9999648910e+001
+5.2446887495e+005 +1.0000000000e+000 +0.0000000000e+000 +6.0713927066e-006 -8.9999652135e+001
+5.2932660584e+005 +1.0000000000e+000 +0.0000000000e+000 +6.0156344103e-006 -8.9999655330e+001
+5.3422932995e+005 +1.0000000000e+000 +0.0000000000e+000 +5.9603889095e-006 -8.9999658495e+001
+5.3917746404e+005 +1.0000000000e+000 +0.0000000000e+000 +5.9056514682e-006 -8.9999661631e+001
+5.4417142869e+005 +1.0000000000e+000 +0.0000000000e+000 +5.8514173950e-006 -8.9999664738e+001
+5.4921164839e+005 +1.0000000000e+000 +0.0000000000e+000 +5.7976820422e-006 -8.9999667817e+001
+5.5429855157e+005 +1.0000000000e+000 +0.0000000000e+000 +5.7444408055e-006 -8.9999670868e+001
+5.5943257062e+005 +1.0000000000e+000 +0.0000000000e+000 +5.6916891237e-006 -8.9999673890e+001
+5.6461414193e+005 +1.0000000000e+000 +0.0000000000e+000 +5.6394224781e-006 -8.9999676885e+001
+5.6984370595e+005 +1.0000000000e+000 +0.0000000000e+000 +5.5876363922e-006 -8.9999679852e+001
+5.7512170718e+005 +1.0000000000e+000 +0.0000000000e+000 +5.5363264312e-006 -8.9999682792e+001
+5.8044859428e+005 +1.0000000000e+000 +0.0000000000e+000 +5.4854882019e-006 -8.9999685705e+001
+5.8582482002e+005 +1.0000000000e+000 +0.0000000000e+000 +5.4351173518e-006 -8.9999688591e+001
+5.9125084138e+005 +1.0000000000e+000 +0.0000000000e+000 +5.3852095692e-006 -8.9999691450e+001
+5.9672711960e+005 +1.0000000000e+000 +0.0000000000e+000 +5.3357605824e-006 -8.9999694283e+001
+6.0225412015e+005 +1.0000000000e+000 +0.0000000000e+000 +5.2867661596e-006 -8.9999697091e+001
+6.0783231283e+005 +1.0000000000e+000 +0.0000000000e+000 +5.2382221083e-006 -8.9999699872e+001
+6.1346217180e+005 +1.0000000000e+000 +0.0000000000e+000 +5.1901242754e-006 -8.9999702628e+001
+6.1914417560e+005 +1.0000000000e+000 +0.0000000000e+000 +5.1424685459e-006 -8.9999705358e+001
+6.2487880720e+005 +1.0000000000e+000 +0.0000000000e+000 +5.0952508437e-006 -8.9999708064e+001
+6.3066655406e+005 +1.0000000000e+000 +0.0000000000e+000 +5.0484671301e-006 -8.9999710744e+001
+6.3650790813e+005 +1.0000000000e+000 +0.0000000000e+000 +5.0021134043e-006 -8.9999713400e+001
+6.4240336594e+005 +1.0000000000e+000 +0.0000000000e+000 +4.9561857027e-006 -8.9999716031e+001
+6.4835342861e+005 +1.0000000000e+000 +0.0000000000e+000 +4.9106800983e-006 -8.9999718639e+001
+6.5435860189e+005 +1.0000000000e+000 +0.0000000000e+000 +4.8655927010e-006 -8.9999721222e+001
+6.6041939623e+005 +1.0000000000e+000 +0.0000000000e+000 +4.8209196565e-006 -8.9999723782e+001
+6.6653632681e+005 +1.0000000000e+000 +0.0000000000e+000 +4.7766571465e-006 -8.9999726318e+001
+6.7270991357e+005 +1.0000000000e+000 +0.0000000000e+000 +4.7328013881e-006 -8.9999728830e+001
+6.7894068127e+005 +1.0000000000e+000 +0.0000000000e+000 +4.6893486335e-006 -8.9999731320e+001
+6.8522915953e+005 +1.0000000000e+000 +0.0000000000e+000 +4.6462951698e-006 -8.9999733787e+001
+6.9157588287e+005 +1.0000000000e+000 +0.0000000000e+000 +4.6036373186e-006 -8.9999736231e+001
+6.9798139078e+005 +1.0000000000e+000 +0.0000000000e+000 +4.5613714356e-006 -8.9999738653e+001
+7.0444622773e+005 +1.0000000000e+000 +0.0000000000e+000 +4.5194939101e-006 -8.9999741052e+001
+7.1097094323e+005 +1.0000000000e+000 +0.0000000000e+000 +4.4780011652e-006 -8.9999743429e+001
+7.1755609189e+005 +1.0000000000e+000 +0.0000000000e+000 +4.4368896571e-006 -8.9999745785e+001
+7.2420223346e+005 +1.0000000000e+000 +0.0000000000e+000 +4.3961558748e-006 -8.9999748119e+001
+7.3090993286e+005 +1.0000000000e+000 +0.0000000000e+000 +4.3557963399e-006 -8.9999750431e+001
+7.3767976025e+005 +1.0000000000e+000 +0.0000000000e+000 +4.3158076063e-006 -8.9999752722e+001
+7.4451229108e+005 +1.0000000000e+000 +0.0000000000e+000 +4.2761862596e-006 -8.9999754993e+001
+7.5140810611e+005 +1.0000000000e+000 +0.0000000000e+000 +4.2369289175e-006 -8.9999757242e+001
+7.5836779150e+005 +1.0000000000e+000 +0.0000000000e+000 +4.1980322285e-006 -8.9999759470e+001
+7.6539193882e+005 +1.0000000000e+000 +0.0000000000e+000 +4.1594928726e-006 -8.9999761679e+001
+7.7248114514e+005 +1.0000000000e+000 +0.0000000000e+000 +4.1213075603e-006 -8.9999763866e+001
+7.7963601304e+005 +1.0000000000e+000 +0.0000000000e+000 +4.0834730326e-006 -8.9999766034e+001
+7.8685715069e+005 +1.0000000000e+000 +0.0000000000e+000 +4.0459860608e-006 -8.9999768182e+001
+7.9414517190e+005 +1.0000000000e+000 +0.0000000000e+000 +4.0088434460e-006 -8.9999770310e+001
+8.0150069616e+005 +1.0000000000e+000 +0.0000000000e+000 +3.9720420188e-006 -8.9999772419e+001
+8.0892434868e+005 +1.0000000000e+000 +0.0000000000e+000 +3.9355786393e-006 -8.9999774508e+001
+8.1641676049e+005 +1.0000000000e+000 +0.0000000000e+000 +3.8994501966e-006 -8.9999776578e+001
+8.2397856845e+005 +1.0000000000e+000 +0.0000000000e+000 +3.8636536087e-006 -8.9999778629e+001
+8.3161041532e+005 +1.0000000000e+000 +0.0000000000e+000 +3.8281858218e-006 -8.9999780661e+001
+8.3931294982e+005 +1.0000000000e+000 +0.0000000000e+000 +3.7930438107e-006 -8.9999782675e+001
+8.4708682666e+005 +1.0000000000e+000 +0.0000000000e+000 +3.7582245780e-006 -8.9999784670e+001
+8.5493270663e+005 +1.0000000000e+000 +0.0000000000e+000 +3.7237251539e-006 -8.9999786646e+001
+8.6285125664e+005 +1.0000000000e+000 +0.0000000000e+000 +3.6895425964e-006 -8.9999788605e+001
+8.7084314977e+005 +1.0000000000e+000 +0.0000000000e+000 +3.6556739904e-006 -8.9999790545e+001
+8.7890906534e+005 +1.0000000000e+000 +0.0000000000e+000 +3.6221164478e-006 -8.9999792468e+001
+8.8704968897e+005 +1.0000000000e+000 +0.0000000000e+000 +3.5888671072e-006 -8.9999794373e+001
+8.9526571260e+005 +1.0000000000e+000 +0.0000000000e+000 +3.5559231339e-006 -8.9999796261e+001
+9.0355783461e+005 +1.0000000000e+000 +0.0000000000e+000 +3.5232817189e-006 -8.9999798131e+001
+9.1192675985e+005 +1.0000000000e+000 +0.0000000000e+000 +3.4909400795e-006 -8.9999799984e+001
+9.2037319966e+005 +1.0000000000e+000 +0.0000000000e+000 +3.4588954587e-006 -8.9999801820e+001
+9.2889787202e+005 +1.0000000000e+000 +0.0000000000e+000 +3.4271451249e-006 -8.9999803639e+001
+9.3750150151e+005 +1.0000000000e+000 +0.0000000000e+000 +3.3956863716e-006 -8.9999805442e+001
+9.4618481947e+005 +1.0000000000e+000 +0.0000000000e+000 +3.3645165174e-006 -8.9999807227e+001
+9.5494856398e+005 +1.0000000000e+000 +0.0000000000e+000 +3.3336329058e-006 -8.9999808997e+001
+9.6379347996e+005 +1.0000000000e+000 +0.0000000000e+000 +3.3030329046e-006 -8.9999810750e+001
+9.7272031925e+005 +1.0000000000e+000 +0.0000000000e+000 +3.2727139059e-006 -8.9999812487e+001
+9.8172984062e+005 +1.0000000000e+000 +0.0000000000e+000 +3.2426733262e-006 -8.9999814209e+001
+9.9082280990e+005 +1.0000000000e+000 +0.0000000000e+000 +3.2129086054e-006 -8.9999815914e+001
+1.0000000000e+006 +1.0000000000e+000 +0.0000000000e+000 +3.1834172073e-006 -8.9999817604e+001