"DUT:temp=0"
5e-1 5e-1 -1.8627745361009292e-7 -9.313872680504646e-8 5e-1 1.8627745361009284e-7 9.313872680504642e-8
5.03030303030303e-1 5.03030303030303e-1 -2.1187082911514015e-7 -1.065774473730705e-7 5.03030303030303e-1 2.1187082911514023e-7 1.0657744737307055e-7
5.060606060606061e-1 5.060606060606061e-1 -2.4098057687382264e-7 -1.2195077678160117e-7 5.060606060606061e-1 2.409805768738225e-7 1.219507767816011e-7
5.09090909090909e-1 5.09090909090909e-1 -2.740898247886588e-7 -1.395366380742263e-7 5.09090909090909e-1 2.740898247886585e-7 1.3953663807422613e-7
5.121212121212121e-1 5.121212121212121e-1 -3.1174807956206855e-7 -1.596528043817866e-7 5.121212121212121e-1 3.117480795620687e-7 1.596528043817867e-7
5.151515151515151e-1 5.151515151515151e-1 -3.5458034673487607e-7 -1.82662602863421e-7 5.151515151515151e-1 3.5458034673487575e-7 1.8266260286342085e-7
5.181818181818182e-1 5.181818181818182e-1 -4.032975037619781e-7 -2.0898143376757048e-7 5.181818181818182e-1 4.032975037619774e-7 2.089814337675701e-7
5.212121212121212e-1 5.212121212121212e-1 -4.587080982847427e-7 -2.3908422092416896e-7 5.212121212121212e-1 4.587080982847423e-7 2.3908422092416875e-7
5.242424242424243e-1 5.242424242424243e-1 -5.21731767413431e-7 -2.7351392655310173e-7 5.242424242424243e-1 5.217317674134312e-7 2.7351392655310184e-7
5.272727272727272e-1 5.272727272727272e-1 -5.934145007363933e-7 -3.128912822064619e-7 5.272727272727272e-1 5.93414500736393e-7 3.128912822064617e-7
5.303030303030303e-1 5.303030303030303e-1 -6.749460003728098e-7 -3.5792590928861124e-7 5.303030303030303e-1 6.749460003728106e-7 3.5792590928861167e-7
5.333333333333333e-1 5.333333333333333e-1 -7.676794261897828e-7 -4.0942902730121746e-7 5.333333333333333e-1 7.676794261897825e-7 4.094290273012173e-7
5.363636363636364e-1 5.363636363636364e-1 -8.731538538907447e-7 -4.683279761777631e-7 5.363636363636364e-1 8.731538538907438e-7 4.683279761777626e-7
5.393939393939394e-1 5.393939393939394e-1 -9.931198187069468e-7 -5.35682811302535e-7 5.393939393939394e-1 9.931198187069457e-7 5.356828113025344e-7
5.424242424242425e-1 5.424242424242425e-1 -1.1295683686349551e-6 -6.12705266623203e-7 5.424242424242425e-1 1.1295683686349564e-6 6.127052666232037e-7
5.454545454545454e-1 5.454545454545454e-1 -1.2847641094101004e-6 -7.007804233146002e-7 5.454545454545454e-1 1.2847641094100998e-6 7.007804233145998e-7
5.484848484848485e-1 5.484848484848485e-1 -1.4612827896559212e-6 -8.014914694779446e-7 5.484848484848485e-1 1.4612827896559184e-6 8.01491469477943e-7
5.515151515151515e-1 5.515151515151515e-1 -1.662054050001703e-6 -9.166479912130605e-7 5.515151515151515e-1 1.6620540500017027e-6 9.166479912130603e-7
5.545454545454546e-1 5.545454545454546e-1 -1.8904100456657472e-6 -1.0483182980510052e-6 5.545454545454546e-1 1.8904100456657457e-6 1.0483182980510044e-6
5.575757575757576e-1 5.575757575757576e-1 -2.1501407494821357e-6 -1.198866357287009e-6 5.575757575757576e-1 2.150140749482133e-6 1.1988663572870077e-6
5.606060606060607e-1 5.606060606060607e-1 -2.4455568532230932e-6 -1.3709939934735524e-6 5.606060606060607e-1 2.4455568532230945e-6 1.370993993473553e-6
5.636363636363636e-1 5.636363636363636e-1 -2.7815613111757345e-6 -1.5677891026626865e-6 5.636363636363636e-1 2.781561311175736e-6 1.5677891026626876e-6
5.666666666666667e-1 5.666666666666667e-1 -3.1637307133659917e-6 -1.7927807375740619e-6 5.666666666666667e-1 3.163730713365991e-6 1.7927807375740615e-6
5.696969696969697e-1 5.696969696969697e-1 -3.5984078389624734e-6 -2.0500020415907423e-6 5.696969696969697e-1 3.5984078389624704e-6 2.0500020415907406e-6
5.727272727272728e-1 5.727272727272728e-1 -4.0928069259483834e-6 -2.3440621484977107e-6 5.727272727272728e-1 4.092806925948378e-6 2.3440621484977077e-6
5.757575757575758e-1 5.757575757575758e-1 -4.655133404198362e-6 -2.68022832362936e-6 5.757575757575758e-1 4.655133404198358e-6 2.680228323629358e-6
5.787878787878789e-1 5.787878787878789e-1 -5.29472007914313e-6 -3.0645198033828424e-6 5.787878787878789e-1 5.294720079143121e-6 3.064519803382837e-6
5.818181818181818e-1 5.818181818181818e-1 -6.022182026231115e-6 -3.5038149970799213e-6 5.818181818181818e-1 6.022182026231108e-6 3.5038149970799175e-6
5.848484848484848e-1 5.848484848484848e-1 -6.84959276693611e-6 -4.005973951571725e-6 5.848484848484848e-1 6.849592766936103e-6 4.005973951571721e-6
5.878787878787879e-1 5.878787878787879e-1 -7.790684650263408e-6 -4.579978248942731e-6 5.878787878787879e-1 7.790684650263417e-6 4.579978248942736e-6
5.909090909090909e-1 5.909090909090909e-1 -8.861076765441777e-6 -5.236090815942869e-6 5.909090909090909e-1 8.861076765441763e-6 5.23609081594286e-6
5.93939393939394e-1 5.93939393939394e-1 -1.0078534168416267e-5 -5.986038475786632e-6 5.93939393939394e-1 1.0078534168416247e-5 5.98603847578662e-6
5.969696969696969e-1 5.969696969696969e-1 -1.146326272446536e-5 -6.843220474908109e-6 5.969696969696969e-1 1.1463262724465345e-5 6.843220474908099e-6
6e-1 6e-1 -1.3038244460379287e-5 -7.822946676227571e-6 6e-1 1.3038244460379287e-5 7.822946676227571e-6
6.03030303030303e-1 6.03030303030303e-1 -1.4829618991962453e-5 -8.942709634547054e-6 6.03030303030303e-1 1.4829618991962455e-5 8.942709634547056e-6
6.060606060606061e-1 6.060606060606061e-1 -1.686711735732785e-5 -1.0222495368077485e-5 6.060606060606061e-1 1.6867117357327838e-5 1.0222495368077478e-5
6.090909090909091e-1 6.090909090909091e-1 -1.918455545621466e-5 -1.1685138323330748e-5 6.090909090909091e-1 1.9184555456214672e-5 1.1685138323330755e-5
6.121212121212122e-1 6.121212121212122e-1 -2.1820395284831862e-5 -1.3356726810715263e-5 6.121212121212122e-1 2.1820395284831866e-5 1.3356726810715264e-5
6.151515151515152e-1 6.151515151515152e-1 -2.481838328091321e-5 -1.5267066078864797e-5 6.151515151515152e-1 2.4818383280913232e-5 1.5267066078864807e-5
6.181818181818182e-1 6.181818181818182e-1 -2.822827637345498e-5 -1.745020721268126e-5 6.181818181818182e-1 2.8228276373454976e-5 1.745020721268126e-5
6.212121212121212e-1 6.212121212121212e-1 -3.210666778721708e-5 -1.9945051201150002e-5 6.212121212121212e-1 3.2106667787217105e-5 1.994505120115002e-5
6.242424242424243e-1 6.242424242424243e-1 -3.651792630768053e-5 -2.2796038846612698e-5 6.242424242424243e-1 3.651792630768056e-5 2.2796038846612714e-5
6.272727272727273e-1 6.272727272727273e-1 -4.153526459522712e-5 -2.6053938700642468e-5 6.272727272727273e-1 4.153526459522707e-5 2.6053938700642437e-5
6.303030303030304e-1 6.303030303030304e-1 -4.724195427911271e-5 -2.9776746939561954e-5 6.303030303030304e-1 4.724195427911274e-5 2.977674693956197e-5
6.333333333333333e-1 6.333333333333333e-1 -5.373270799787161e-5 -3.403071506531869e-5 6.333333333333333e-1 5.373270799787171e-5 3.403071506531875e-5
6.363636363636364e-1 6.363636363636364e-1 -6.111525132356768e-5 -3.889152356954307e-5 6.363636363636364e-1 6.111525132356766e-5 3.889152356954305e-5
6.393939393939394e-1 6.393939393939394e-1 -6.951211065875655e-5 -4.4445622269689795e-5 6.393939393939394e-1 6.95121106587566e-5 4.444562226968982e-5
6.424242424242425e-1 6.424242424242425e-1 -7.906264677949191e-5 -5.0791760961370565e-5 6.424242424242425e-1 7.906264677949201e-5 5.0791760961370626e-5
6.454545454545455e-1 6.454545454545455e-1 -8.9925367774617e-5 -5.804273738179825e-5 6.454545454545455e-1 8.992536777461682e-5 5.8042737381798136e-5
6.484848484848484e-1 6.484848484848484e-1 -1.0228055976868036e-4 -6.632739330453817e-5 6.484848484848484e-1 1.0228055976868044e-4 6.632739330453822e-5
6.515151515151516e-1 6.515151515151516e-1 -1.1633327908999042e-4 -7.579289395256952e-5 6.515151515151516e-1 1.1633327908999044e-4 7.579289395256954e-5
6.545454545454545e-1 6.545454545454545e-1 -1.323167555441298e-4 -8.660733090161224e-5 6.545454545454545e-1 1.3231675554412984e-4 8.660733090161226e-5
6.575757575757576e-1 6.575757575757576e-1 -1.5049626327632085e-4 -9.896269433624734e-5 6.575757575757576e-1 1.504962632763207e-4 9.896269433624726e-5
6.606060606060606e-1 6.606060606060606e-1 -1.7117352346643182e-4 -1.130782670172186e-4 6.606060606060606e-1 1.7117352346643217e-4 1.1307826701721883e-4
6.636363636363637e-1 6.636363636363637e-1 -1.9469171192719632e-4 -1.2920449973350304e-4 6.636363636363637e-1 1.9469171192719676e-4 1.292044997335033e-4
6.666666666666667e-1 6.666666666666667e-1 -2.21441154715586e-4 -1.4762743647705735e-4 6.666666666666667e-1 2.214411547155861e-4 1.4762743647705743e-4
6.696969696969697e-1 6.696969696969697e-1 -2.518658062861355e-4 -1.6867376724010892e-4 6.696969696969697e-1 2.5186580628613523e-4 1.6867376724010873e-4
6.727272727272727e-1 6.727272727272727e-1 -2.8647061770266206e-4 -1.9271659736360902e-4 6.727272727272727e-1 2.864706177026622e-4 1.9271659736360913e-4
6.757575757575758e-1 6.757575757575758e-1 -3.2582991719691014e-4 -2.2018203495427564e-4 6.757575757575758e-1 3.258299171969109e-4 2.2018203495427615e-4
6.787878787878788e-1 6.787878787878788e-1 -3.705969421643699e-4 -2.5155671225702685e-4 6.787878787878788e-1 3.705969421643699e-4 2.5155671225702685e-4
6.818181818181819e-1 6.818181818181819e-1 -4.215146807976522e-4 -2.873963732711265e-4 6.818181818181819e-1 4.2151468079765155e-4 2.8739637327112607e-4
6.848484848484848e-1 6.848484848484848e-1 -4.794282032935405e-4 -3.2833567861921255e-4 6.848484848484848e-1 4.7942820329354054e-4 3.283356786192126e-4
6.878787878787879e-1 6.878787878787879e-1 -5.45298687292018e-4 -3.7509940004632755e-4 6.878787878787879e-1 5.452986872920176e-4 3.750994000463273e-4
6.909090909090909e-1 6.909090909090909e-1 -6.202193703242279e-4 -4.285152013149211e-4 6.909090909090909e-1 6.202193703242276e-4 4.285152013149209e-4
6.93939393939394e-1 6.93939393939394e-1 -7.054336940286489e-4 -4.895282300986685e-4 6.93939393939394e-1 7.054336940286501e-4 4.895282300986693e-4
6.96969696969697e-1 6.96969696969697e-1 -8.023559412708402e-4 -5.592177772493735e-4 6.96969696969697e-1 8.023559412708411e-4 5.592177772493742e-4
7.000000000000001e-1 7.000000000000001e-1 -9.125947086764362e-4 -6.388162960735054e-4 7.000000000000001e-1 9.125947086764362e-4 6.388162960735054e-4
7.030303030303031e-1 7.030303030303031e-1 -1.0379796041456585e-3 -7.297311156417963e-4 7.030303030303031e-1 1.0379796041456585e-3 7.297311156417963e-4
7.06060606060606e-1 7.06060606060606e-1 -1.1805916124420293e-3 -8.335692293908874e-4 7.06060606060606e-1 1.1805916124420274e-3 8.33569229390886e-4
7.090909090909091e-1 7.090909090909091e-1 -1.3427976328260066e-3 -9.521655941857138e-4 7.090909090909091e-1 1.342797632826005e-3 9.521655941857127e-4
7.121212121212122e-1 7.121212121212122e-1 -1.5272897619469303e-3 -1.0876154365379656e-3 7.121212121212122e-1 1.5272897619469303e-3 1.0876154365379656e-3
7.151515151515152e-1 7.151515151515152e-1 -1.7371299739624632e-3 -1.2423111328943677e-3 7.151515151515152e-1 1.7371299739624662e-3 1.2423111328943698e-3
7.181818181818183e-1 7.181818181818183e-1 -1.9758009394314907e-3 -1.4189843110462526e-3 7.181818181818183e-1 1.9758009394314937e-3 1.4189843110462548e-3
7.212121212121212e-1 7.212121212121212e-1 -2.2472638264099676e-3 -1.6207539111684009e-3 7.212121212121212e-1 2.2472638264099684e-3 1.6207539111684015e-3
7.242424242424242e-1 7.242424242424242e-1 -2.556024043061697e-3 -1.851181049368926e-3 7.242424242424242e-1 2.5560240430616975e-3 1.8511810493689264e-3
7.272727272727273e-1 7.272727272727273e-1 -2.9072060128990107e-3 -2.114331645744735e-3 7.272727272727273e-1 2.9072060128990046e-3 2.114331645744731e-3
7.303030303030303e-1 7.303030303030303e-1 -3.3066382236812547e-3 -2.41484791487025e-3 7.303030303030303e-1 3.3066382236812595e-3 2.4148479148702533e-3
7.333333333333334e-1 7.333333333333334e-1 -3.760949961508539e-3 -2.758029971772929e-3 7.333333333333334e-1 3.7609499615085403e-3 2.75802997177293e-3
7.363636363636363e-1 7.363636363636363e-1 -4.277681335584316e-3 -3.1499289834757234e-3 7.363636363636363e-1 4.277681335584326e-3 3.1499289834757307e-3
7.393939393939395e-1 7.393939393939395e-1 -4.865408419703371e-3 -3.597453498204917e-3 7.393939393939395e-1 4.865408419703364e-3 3.597453498204912e-3
7.424242424242424e-1 7.424242424242424e-1 -5.5338855874093595e-3 -4.108490814894827e-3 7.424242424242424e-1 5.53388558740936e-3 4.108490814894828e-3
7.454545454545455e-1 7.454545454545455e-1 -6.294207403127805e-3 -4.692045518695273e-3 7.454545454545455e-1 6.2942074031278e-3 4.692045518695269e-3
7.484848484848485e-1 7.484848484848485e-1 -7.158992756143151e-3 -5.3583976083859345e-3 7.484848484848485e-1 7.1589927561431605e-3 5.3583976083859414e-3
7.515151515151515e-1 7.515151515151515e-1 -8.142594293451766e-3 -6.119282984169812e-3 7.515151515151515e-1 8.142594293451759e-3 6.119282984169807e-3
7.545454545454546e-1 7.545454545454546e-1 -9.261336627399142e-3 -6.988099455219353e-3 7.545454545454546e-1 9.261336627399117e-3 6.988099455219335e-3
7.575757575757576e-1 7.575757575757576e-1 -1.0533787271580164e-2 -7.980141872409216e-3 7.575757575757576e-1 1.0533787271580173e-2 7.980141872409221e-3
7.606060606060606e-1 7.606060606060606e-1 -1.1981064801665331e-2 -9.1128705006606e-3 7.606060606060606e-1 1.198106480166531e-2 9.112870500660585e-3
7.636363636363637e-1 7.636363636363637e-1 -1.362718935562568e-2 -1.0406217326114155e-2 7.636363636363637e-1 1.3627189355625657e-2 1.0406217326114138e-2
7.666666666666667e-1 7.666666666666667e-1 -1.5499481290533301e-2 -1.1882935656075531e-2 7.666666666666667e-1 1.5499481290533296e-2 1.1882935656075528e-2
7.696969696969698e-1 7.696969696969698e-1 -1.7629014612350447e-2 -1.3568999125869738e-2 7.696969696969698e-1 1.762901461235048e-2 1.3568999125869766e-2
7.727272727272727e-1 7.727272727272727e-1 -2.0051132704181684e-2 -1.5494057089594938e-2 7.727272727272727e-1 2.0051132704181702e-2 1.5494057089594952e-2
7.757575757575759e-1 7.757575757575759e-1 -2.2806034912413176e-2 -1.7691954356296283e-2 7.757575757575759e-1 2.2806034912413217e-2 1.7691954356296318e-2
7.787878787878788e-1 7.787878787878788e-1 -2.5939443726176063e-2 -2.020132435644621e-2 7.787878787878788e-1 2.59394437261761e-2 2.0201324356446237e-2
7.818181818181819e-1 7.818181818181819e-1 -2.950336362316182e-2 -2.306626610538106e-2 7.818181818181819e-1 2.9503363623161877e-2 2.3066266105381105e-2
7.84848484848485e-1 7.848484848484849e-1 -3.355694417618245e-2 -2.6337116792821986e-2 7.84848484848485e-1 3.35569441761827e-2 2.6337116792822184e-2
7.878787878787878e-1 7.878787878787878e-1 -3.8167461745256204e-2 -3.0071333496262464e-2 7.878787878787878e-1 3.816746174525631e-2 3.0071333496262544e-2
7.90909090909091e-1 7.90909090909091e-1 -4.3411436048148073e-2 -3.433449941989893e-2 7.90909090909091e-1 4.341143604814822e-2 3.433449941989905e-2
7.93939393939394e-1 7.93939393939394e-1 -4.937590014082248e-2 -3.9201472233016635e-2 7.93939393939394e-1 4.9375900140822424e-2 3.920147223301659e-2
7.96969696969697e-1 7.96969696969697e-1 -5.61598448854001e-2 -4.4757694560182505e-2 7.96969696969697e-1 5.615984488540005e-2 4.475769456018247e-2
8e-1 8e-1 -6.38758618791169e-2 -5.110068950329352e-2 8e-1 6.387586187911638e-2 5.1100689503293106e-2


"DUT:temp=10"
5e-1 5e-1 -5.18195796212789e-7 -2.590978981063945e-7 5e-1 5.181957962127885e-7 2.5909789810639426e-7
5.03030303030303e-1 5.03030303030303e-1 -5.867190055059371e-7 -2.9513743913328954e-7 5.03030303030303e-1 5.867190055059366e-7 2.951374391332893e-7
5.060606060606061e-1 5.060606060606061e-1 -6.64303326911981e-7 -3.3617774422515407e-7 5.060606060606061e-1 6.64303326911981e-7 3.3617774422515407e-7
5.09090909090909e-1 5.09090909090909e-1 -7.521469493886322e-7 -3.829111742342127e-7 5.09090909090909e-1 7.521469493886324e-7 3.829111742342128e-7
5.121212121212121e-1 5.121212121212121e-1 -8.516065034580204e-7 -4.3612575480122856e-7 5.121212121212121e-1 8.516065034580211e-7 4.36125754801229e-7
5.151515151515151e-1 5.151515151515151e-1 -9.6421801260099e-7 -4.967183701277826e-7 5.151515151515151e-1 9.642180126009893e-7 4.967183701277823e-7
5.181818181818182e-1 5.181818181818182e-1 -1.0917206151424176e-6 -5.657097733010709e-7 5.181818181818182e-1 1.091720615142419e-6 5.657097733010717e-7
5.212121212121212e-1 5.212121212121212e-1 -1.2360834229811726e-6 -6.442616628871567e-7 5.212121212121212e-1 1.2360834229811722e-6 6.442616628871564e-7
5.242424242424243e-1 5.242424242424243e-1 -1.3995359319628282e-6 -7.336961097865737e-7 5.242424242424243e-1 1.3995359319628284e-6 7.336961097865738e-7
5.272727272727272e-1 5.272727272727272e-1 -1.584602453543931e-6 -8.355176573231636e-7 5.272727272727272e-1 1.5846024535439306e-6 8.355176573231634e-7
5.303030303030303e-1 5.303030303030303e-1 -1.7941410994999396e-6 -9.514384618560285e-7 5.303030303030303e-1 1.7941410994999392e-6 9.514384618560283e-7
5.333333333333333e-1 5.333333333333333e-1 -2.031387921745075e-6 -1.0834068915973734e-6 5.333333333333333e-1 2.0313879217450754e-6 1.0834068915973736e-6
5.363636363636364e-1 5.363636363636364e-1 -2.3000068889461616e-6 -1.2336400586165777e-6 5.363636363636364e-1 2.300006888946162e-6 1.233640058616578e-6
5.393939393939394e-1 5.393939393939394e-1 -2.6041464717542243e-6 -1.4046608241583393e-6 5.393939393939394e-1 2.604146471754224e-6 1.404660824158339e-6
5.424242424242425e-1 5.424242424242425e-1 -2.9485037105393024e-6 -1.599339891474349e-6 5.424242424242425e-1 2.948503710539308e-6 1.599339891474352e-6
5.454545454545454e-1 5.454545454545454e-1 -3.33839675507114e-6 -1.820943684584258e-6 5.454545454545454e-1 3.3383967550711417e-6 1.820943684584259e-6
5.484848484848485e-1 5.484848484848485e-1 -3.7798469964270075e-6 -2.0731888071311767e-6 5.484848484848485e-1 3.7798469964270097e-6 2.073188807131178e-6
5.515151515151515e-1 5.515151515151515e-1 -4.279672059546961e-6 -2.3603039843562025e-6 5.515151515151515e-1 4.279672059546962e-6 2.360303984356203e-6
5.545454545454546e-1 5.545454545454546e-1 -4.845591092585738e-6 -2.6871005149793637e-6 5.545454545454546e-1 4.8455910925857446e-6 2.6871005149793675e-6
5.575757575757576e-1 5.575757575757576e-1 -5.486343979118594e-6 -3.0590524004782464e-6 5.575757575757576e-1 5.486343979118587e-6 3.0590524004782426e-6
5.606060606060607e-1 5.606060606060607e-1 -6.211826314278014e-6 -3.4823874792164626e-6 5.606060606060607e-1 6.211826314278024e-6 3.4823874792164685e-6
5.636363636363636e-1 5.636363636363636e-1 -7.033242229353124e-6 -3.964191074726306e-6 5.636363636363636e-1 7.033242229353123e-6 3.964191074726306e-6
5.666666666666667e-1 5.666666666666667e-1 -7.963277425028064e-6 -4.51252387418257e-6 5.666666666666667e-1 7.96327742502807e-6 4.5125238741825724e-6
5.696969696969697e-1 5.696969696969697e-1 -9.016295085533194e-6 -5.136555988121941e-6 5.696969696969697e-1 9.016295085533197e-6 5.136555988121942e-6
5.727272727272728e-1 5.727272727272728e-1 -1.0208557699348638e-5 -5.846719409626947e-6 5.727272727272728e-1 1.0208557699348633e-5 5.846719409626945e-6
5.757575757575758e-1 5.757575757575758e-1 -1.1558478212191743e-5 -6.654881394898276e-6 5.757575757575758e-1 1.1558478212191736e-5 6.654881394898273e-6
5.787878787878789e-1 5.787878787878789e-1 -1.308690439102083e-5 -7.574541632378723e-6 5.787878787878789e-1 1.3086904391020816e-5 7.5745416323787155e-6
5.818181818181818e-1 5.818181818181818e-1 -1.48174407906861e-5 -8.62105646003555e-6 5.818181818181818e-1 1.4817440790686124e-5 8.621056460035563e-6
5.848484848484848e-1 5.848484848484848e-1 -1.6776813295585964e-5 -9.811893836509367e-6 5.848484848484848e-1 1.6776813295585964e-5 9.811893836509367e-6
5.878787878787879e-1 5.878787878787879e-1 -1.899528186619792e-5 -1.1166923278916353e-5 5.878787878787879e-1 1.8995281866197937e-5 1.1166923278916363e-5
5.909090909090909e-1 5.909090909090909e-1 -2.1507107864820085e-5 -1.2708745556484597e-5 5.909090909090909e-1 2.15071078648201e-5 1.2708745556484604e-5
5.93939393939394e-1 5.93939393939394e-1 -2.4351083177760508e-5 -1.4463067584366848e-5 5.93939393939394e-1 2.4351083177760477e-5 1.446306758436683e-5
5.969696969696969e-1 5.969696969696969e-1 -2.7571129305577527e-5 -1.645912870666295e-5 5.969696969696969e-1 2.757112930557758e-5 1.645912870666298e-5
6e-1 6e-1 -3.121697567354438e-5 -1.8730185404126627e-5 6e-1 3.121697567354433e-5 1.8730185404126597e-5
6.03030303030303e-1 6.03030303030303e-1 -3.534492763795525e-5 -2.131406242410029e-5 6.03030303030303e-1 3.5344927637955266e-5 2.1314062424100295e-5
6.060606060606061e-1 6.060606060606061e-1 -4.0018736049138044e-5 -2.4253779423720026e-5 6.060606060606061e-1 4.0018736049138e-5 2.4253779423720003e-5
6.090909090909091e-1 6.090909090909091e-1 -4.531058180043922e-5 -2.7598263460267524e-5 6.090909090909091e-1 4.53105818004393e-5 2.7598263460267575e-5
6.121212121212122e-1 6.121212121212122e-1 -5.1302190568261507e-5 -3.140315907511765e-5 6.121212121212122e-1 5.130219056826156e-5 3.1403159075117686e-5
6.151515151515152e-1 6.151515151515152e-1 -5.80860949588645e-5 -3.573174932318029e-5 6.151515151515152e-1 5.808609495886456e-5 3.573174932318033e-5
6.181818181818182e-1 6.181818181818182e-1 -6.576706355414306e-5 -4.0656002924379345e-5 6.181818181818182e-1 6.576706355414314e-5 4.06560029243794e-5
6.212121212121212e-1 6.212121212121212e-1 -7.446371892614158e-5 -4.625776478745159e-5 6.212121212121212e-1 7.44637189261415e-5 4.6257764787451536e-5
6.242424242424243e-1 6.242424242424243e-1 -8.43103696084261e-5 -5.263010951313872e-5 6.242424242424243e-1 8.431036960842631e-5 5.2630109513138855e-5
6.272727272727273e-1 6.272727272727273e-1 -9.545908431674022e-5 -5.987888016231887e-5 6.272727272727273e-1 9.545908431674015e-5 5.987888016231883e-5
6.303030303030304e-1 6.303030303030304e-1 -1.0808204045257598e-4 -6.812443761859335e-5 6.303030303030304e-1 1.0808204045257606e-4 6.812443761859341e-5
6.333333333333333e-1 6.333333333333333e-1 -1.2237418315925053e-4 -7.7503649334192e-5 6.333333333333333e-1 1.2237418315925072e-4 7.750364933419212e-5
6.363636363636364e-1 6.363636363636364e-1 -1.385562359961512e-4 -8.817215017936894e-5 6.363636363636364e-1 1.3855623599615097e-4 8.81721501793688e-5
6.393939393939394e-1 6.393939393939394e-1 -1.5687810972708858e-4 -1.0030691258307786e-4 6.393939393939394e-1 1.568781097270884e-4 1.0030691258307773e-4
6.424242424242425e-1 6.424242424242425e-1 -1.7762276186707605e-4 -1.1410916822975795e-4 6.424242424242425e-1 1.7762276186707607e-4 1.1410916822975797e-4
6.454545454545455e-1 6.454545454545455e-1 -2.0111056659320899e-4 -1.2980772934652581e-4 6.454545454545455e-1 2.0111056659320885e-4 1.2980772934652573e-4
6.484848484848484e-1 6.484848484848484e-1 -2.277042625072256e-4 -1.4766276417135235e-4 6.484848484848484e-1 2.2770426250722596e-4 1.476627641713526e-4
6.515151515151516e-1 6.515151515151516e-1 -2.5781455466153923e-4 -1.6797008864312407e-4 6.515151515151516e-1 2.57814554661539e-4 1.6797008864312393e-4
6.545454545454545e-1 6.545454545454545e-1 -2.9190645736469276e-4 -1.9106604482052616e-4 6.545454545454545e-1 2.919064573646928e-4 1.9106604482052621e-4
6.575757575757576e-1 6.575757575757576e-1 -3.305064757227003e-4 -2.173330461570484e-4 6.575757575757576e-1 3.3050647572269973e-4 2.1733304615704802e-4
6.606060606060606e-1 6.606060606060606e-1 -3.742107368257513e-4 -2.4720588069095085e-4 6.606060606060606e-1 3.742107368257517e-4 2.472058806909511e-4
6.636363636363637e-1 6.636363636363637e-1 -4.2369419615595656e-4 -2.811788756307712e-4 6.636363636363637e-1 4.236941961559574e-4 2.8117887563077176e-4
6.666666666666667e-1 6.666666666666667e-1 -4.797210613970964e-4 -3.198140409313976e-4 6.666666666666667e-1 4.797210613970967e-4 3.1981404093139784e-4
6.696969696969697e-1 6.696969696969697e-1 -5.43156594628549e-4 -3.6375032549366466e-4 6.696969696969697e-1 5.431565946285498e-4 3.6375032549366515e-4
6.727272727272727e-1 6.727272727272727e-1 -6.149804751729923e-4 -4.137141378436494e-4 6.727272727272727e-1 6.149804751729916e-4 4.1371413784364885e-4
6.757575757575758e-1 6.757575757575758e-1 -6.963019294695949e-4 -4.7053130385369595e-4 6.757575757575758e-1 6.963019294695944e-4 4.705313038536956e-4
6.787878787878788e-1 6.787878787878788e-1 -7.883768616340041e-4 -5.351406575939907e-4 6.787878787878788e-1 7.883768616340034e-4 5.351406575939902e-4
6.818181818181819e-1 6.818181818181819e-1 -8.926272492643071e-4 -6.086094881347549e-4 6.818181818181819e-1 8.926272492643089e-4 6.086094881347561e-4
6.848484848484848e-1 6.848484848484848e-1 -1.0106631040359623e-3 -6.921510954912953e-4 6.848484848484848e-1 1.0106631040359619e-3 6.921510954912951e-4
6.878787878787879e-1 6.878787878787879e-1 -1.1443073362385654e-3 -7.871447434125889e-4 6.878787878787879e-1 1.1443073362385652e-3 7.871447434125888e-4
6.909090909090909e-1 6.909090909090909e-1 -1.2956239072548573e-3 -8.951583359215377e-4 6.909090909090909e-1 1.2956239072548557e-3 8.951583359215367e-4
6.93939393939394e-1 6.93939393939394e-1 -1.466949704760398e-3 -1.0179741890610034e-3 6.93939393939394e-1 1.4669497047603971e-3 1.0179741890610028e-3
6.96969696969697e-1 6.96969696969697e-1 -1.6609306329149962e-3 -1.1576183199104519e-3 6.96969696969697e-1 1.6609306329149977e-3 1.157618319910453e-3
7.000000000000001e-1 7.000000000000001e-1 -1.8805624749118274e-3 -1.3163937324382794e-3 7.000000000000001e-1 1.880562474911828e-3 1.3163937324382799e-3
7.030303030303031e-1 7.030303030303031e-1 -2.1292371589533288e-3 -1.4969182450823403e-3 7.030303030303031e-1 2.129237158953327e-3 1.4969182450823393e-3
7.06060606060606e-1 7.06060606060606e-1 -2.4107951421715873e-3 -1.702167479169636e-3 7.06060606060606e-1 2.4107951421715877e-3 1.7021674791696361e-3
7.090909090909091e-1 7.090909090909091e-1 -2.729584721494857e-3 -1.9355237116054442e-3 7.090909090909091e-1 2.7295847214948506e-3 1.9355237116054395e-3
7.121212121212122e-1 7.121212121212122e-1 -3.090529187439281e-3 -2.200831391055246e-3 7.121212121212122e-1 3.0905291874392784e-3 2.2008313910552436e-3
7.151515151515152e-1 7.151515151515152e-1 -3.499202857928971e-3 -2.5024602256704157e-3 7.151515151515152e-1 3.4992028579289665e-3 2.5024602256704127e-3
7.181818181818183e-1 7.181818181818183e-1 -3.961917166387802e-3 -2.8453768740421487e-3 7.181818181818183e-1 3.961917166387799e-3 2.845376874042147e-3
7.212121212121212e-1 7.212121212121212e-1 -4.4858181336215885e-3 -3.235226411521024e-3 7.212121212121212e-1 4.4858181336216e-3 3.2352264115210324e-3
7.242424242424242e-1 7.242424242424242e-1 -5.078996728817203e-3 -3.678424903597914e-3 7.242424242424242e-1 5.078996728817196e-3 3.6784249035979088e-3
7.272727272727273e-1 7.272727272727273e-1 -5.7506138240404625e-3 -4.1822645993021546e-3 7.272727272727273e-1 5.750613824040476e-3 4.182264599302165e-3
7.303030303030303e-1 7.303030303030303e-1 -6.5110416719930675e-3 -4.755033463485847e-3 7.303030303030303e-1 6.511041671993073e-3 4.75503346348585e-3
7.333333333333334e-1 7.333333333333334e-1 -7.372024091967938e-3 -5.406151000776489e-3 7.333333333333334e-1 7.372024091967939e-3 5.406151000776489e-3
7.363636363636363e-1 7.363636363636363e-1 -8.346857837867261e-3 -6.146322589702256e-3 7.363636363636363e-1 8.346857837867247e-3 6.1463225897022454e-3
7.393939393939395e-1 7.393939393939395e-1 -9.450597949276052e-3 -6.987714847343506e-3 7.393939393939395e-1 9.45059794927608e-3 6.987714847343526e-3
7.424242424242424e-1 7.424242424242424e-1 -1.0700290256971945e-2 -7.944154887751898e-3 7.424242424242424e-1 1.0700290256971947e-2 7.9441548877519e-3
7.454545454545455e-1 7.454545454545455e-1 -1.2115234633615857e-2 -9.031356726877276e-3 7.454545454545455e-1 1.2115234633615869e-2 9.031356726877285e-3
7.484848484848485e-1 7.484848484848485e-1 -1.3717283055188989e-2 -1.0267178529186911e-2 7.484848484848485e-1 1.3717283055189006e-2 1.0267178529186924e-2
7.515151515151515e-1 7.515151515151515e-1 -1.5531177076346603e-2 -1.1671914893739265e-2 7.515151515151515e-1 1.553117707634661e-2 1.167191489373927e-2
7.545454545454546e-1 7.545454545454546e-1 -1.7584929931557136e-2 -1.326862894835675e-2 7.545454545454546e-1 1.758492993155717e-2 1.3268628948356776e-2
7.575757575757576e-1 7.575757575757576e-1 -1.9910259163081645e-2 -1.5083529669001247e-2 7.575757575757576e-1 1.9910259163081593e-2 1.5083529669001207e-2
7.606060606060606e-1 7.606060606060606e-1 -2.2543076457170352e-2 -1.714640057802957e-2 7.606060606060606e-1 2.2543076457170377e-2 1.714640057802959e-2
7.636363636363637e-1 7.636363636363637e-1 -2.552404225335929e-2 -1.9491086811656184e-2 7.636363636363637e-1 2.5524042253359226e-2 1.9491086811656136e-2
7.666666666666667e-1 7.666666666666667e-1 -2.8899193692085927e-2 -2.215604849726588e-2 7.666666666666667e-1 2.8899193692085944e-2 2.2156048497265893e-2
7.696969696969697e-1 7.696969696969698e-1 -3.272065559845948e-2 -2.518498946063245e-2 7.696969696969697e-1 3.272065559845943e-2 2.518498946063241e-2
7.727272727272727e-1 7.727272727272727e-1 -3.704744548240432e-2 -2.8627571509130614e-2 7.727272727272727e-1 3.7047445482404365e-2 2.8627571509130645e-2
7.757575757575759e-1 7.757575757575759e-1 -4.194638498735795e-2 -3.2540225929586775e-2 7.757575757575759e-1 4.194638498735808e-2 3.254022592958688e-2
7.787878787878788e-1 7.787878787878788e-1 -4.749313186366158e-2 -3.698707542109402e-2 7.787878787878788e-1 4.749313186366148e-2 3.698707542109394e-2
7.81818181818182e-1 7.818181818181819e-1 -5.377334840413426e-2 -4.2040981479595875e-2 7.81818181818182e-1 5.3773348404134634e-2 4.204098147959617e-2
7.84848484848485e-1 7.848484848484849e-1 -6.08840243867942e-2 -4.7784734291453634e-2 7.84848484848485e-1 6.0884024386794404e-2 4.77847342914538e-2
7.87878787878788e-1 7.878787878787878e-1 -6.893497495586035e-2 -5.431240451067785e-2 7.87878787878788e-1 6.893497495586035e-2 5.4312404510677856e-2
7.90909090909091e-1 7.90909090909091e-1 -7.805053657385758e-2 -6.1730878926596455e-2 7.90909090909091e-1 7.805053657385748e-2 6.173087892659638e-2
7.93939393939394e-1 7.93939393939394e-1 -8.837148723659828e-2 -7.016160501814772e-2 7.93939393939394e-1 8.837148723659806e-2 7.016160501814755e-2
7.96969696969697e-1 7.96969696969697e-1 -1.0005722060627054e-1 -7.974257278620955e-2 7.96969696969697e-1 1.0005722060627084e-1 7.974257278620979e-2
8e-1 8e-1 -1.1328820763928338e-1 -9.063056611142671e-2 8e-1 1.1328820763928278e-1 9.063056611142623e-2


"DUT:temp=20"
5e-1 5e-1 -1.3492207833965972e-6 -6.746103916982986e-7 5e-1 1.3492207833965978e-6 6.746103916982989e-7
5.03030303030303e-1 5.03030303030303e-1 -1.5211757976199317e-6 -7.651975224391171e-7 5.03030303030303e-1 1.5211757976199323e-6 7.651975224391175e-7
5.060606060606061e-1 5.060606060606061e-1 -1.7150460737525331e-6 -8.679172555050699e-7 5.060606060606061e-1 1.7150460737525335e-6 8.679172555050701e-7
5.09090909090909e-1 5.09090909090909e-1 -1.9336246603526017e-6 -9.843907361795063e-7 5.09090909090909e-1 1.9336246603526004e-6 9.843907361795057e-7
5.121212121212121e-1 5.121212121212121e-1 -2.180060573444348e-6 -1.1164552633699843e-6 5.121212121212121e-1 2.180060573444351e-6 1.1164552633699857e-6
5.151515151515151e-1 5.151515151515151e-1 -2.457904163733813e-6 -1.2661930540446916e-6 5.151515151515151e-1 2.4579041637338157e-6 1.266193054044693e-6
5.181818181818182e-1 5.181818181818182e-1 -2.7711582657696823e-6 -1.435963828626108e-6 5.181818181818182e-1 2.771158265769681e-6 1.4359638286261074e-6
5.212121212121212e-1 5.212121212121212e-1 -3.124335865944139e-6 -1.6284417240678544e-6 5.212121212121212e-1 3.1243358659441456e-6 1.6284417240678578e-6
5.242424242424243e-1 5.242424242424243e-1 -3.522525120144943e-6 -1.8466571084396216e-6 5.242424242424243e-1 3.5225251201449415e-6 1.846657108439621e-6
5.272727272727272e-1 5.272727272727272e-1 -3.971462657753925e-6 -2.0940439468157056e-6 5.272727272727272e-1 3.971462657753919e-6 2.0940439468157026e-6
5.303030303030303e-1 5.303030303030303e-1 -4.477616228068008e-6 -2.3744934542784893e-6 5.303030303030303e-1 4.477616228068003e-6 2.3744934542784863e-6
5.333333333333333e-1 5.333333333333333e-1 -5.048277879811673e-6 -2.6924148692328924e-6 5.333333333333333e-1 5.048277879811668e-6 2.6924148692328895e-6
5.363636363636364e-1 5.363636363636364e-1 -5.691669016159376e-6 -3.0528042904854836e-6 5.363636363636364e-1 5.691669016159374e-6 3.0528042904854824e-6
5.393939393939394e-1 5.393939393939394e-1 -6.417058838773063e-6 -3.461322646368501e-6 5.393939393939394e-1 6.417058838773055e-6 3.461322646368496e-6
5.424242424242425e-1 5.424242424242425e-1 -7.234897887253784e-6 -3.924384005510386e-6 5.424242424242425e-1 7.23489788725378e-6 3.924384005510384e-6
5.454545454545454e-1 5.454545454545454e-1 -8.156968597881881e-6 -4.449255598844662e-6 5.454545454545454e-1 8.15696859788189e-6 4.449255598844666e-6
5.484848484848485e-1 5.484848484848485e-1 -9.196555050714806e-6 -5.044171103573878e-6 5.484848484848485e-1 9.19655505071481e-6 5.044171103573881e-6
5.515151515151515e-1 5.515151515151515e-1 -1.0368634350552304e-5 -5.718458944850058e-6 5.515151515151515e-1 1.036863435055229e-5 5.7184589448500515e-6
5.545454545454546e-1 5.545454545454546e-1 -1.1690092398956072e-5 -6.482687603057458e-6 5.545454545454546e-1 1.1690092398956069e-5 6.482687603057457e-6
5.575757575757576e-1 5.575757575757576e-1 -1.3179967165904971e-5 -7.348830177353075e-6 5.575757575757576e-1 1.3179967165904986e-5 7.3488301773530835e-6
5.606060606060607e-1 5.606060606060607e-1 -1.4859722965850748e-5 -8.330450753582996e-6 5.606060606060607e-1 1.485972296585073e-5 8.330450753582986e-6
5.636363636363636e-1 5.636363636363636e-1 -1.6753559689610623e-5 -9.442915461416897e-6 5.636363636363636e-1 1.675355968961064e-5 9.442915461416905e-6
5.666666666666667e-1 5.666666666666667e-1 -1.888876144713863e-5 -1.0703631486711891e-5 5.666666666666667e-1 1.8888761447138638e-5 1.0703631486711894e-5
5.696969696969697e-1 5.696969696969697e-1 -2.1296089643995698e-5 -1.2132317736579367e-5 5.696969696969697e-1 2.129608964399571e-5 1.2132317736579374e-5
5.727272727272728e-1 5.727272727272728e-1 -2.4010226154492142e-5 -1.3751311343027319e-5 5.727272727272728e-1 2.4010226154492095e-5 1.3751311343027292e-5
5.757575757575758e-1 5.757575757575758e-1 -2.7070272976203948e-5 -1.5585914743875e-5 5.757575757575758e-1 2.7070272976203995e-5 1.5585914743875028e-5
5.787878787878789e-1 5.787878787878789e-1 -3.052031556428144e-5 -1.7664788705387135e-5 5.787878787878789e-1 3.0520315564281485e-5 1.7664788705387166e-5
5.818181818181818e-1 5.818181818181818e-1 -3.441005796138961e-5 -2.0020397359353956e-5 5.818181818181818e-1 3.441005796138961e-5 2.0020397359353956e-5
5.848484848484848e-1 5.848484848484848e-1 -3.8795538873464836e-5 -2.2689512129026404e-5 5.848484848484848e-1 3.879553887346485e-5 2.268951212902641e-5
5.878787878787879e-1 5.878787878787879e-1 -4.3739939007642254e-5 -2.571378232570484e-5 5.878787878787879e-1 4.373993900764223e-5 2.5713782325704824e-5
5.909090909090909e-1 5.909090909090909e-1 -4.931449130350044e-5 -2.9140381224795718e-5 5.909090909090909e-1 4.931449130350054e-5 2.9140381224795772e-5
5.93939393939394e-1 5.93939393939394e-1 -5.559950717113943e-5 -3.3022737592555545e-5 5.93939393939394e-1 5.55995071711395e-5 3.3022737592555586e-5
5.969696969696969e-1 5.969696969696969e-1 -6.268553352088203e-5 -3.742136395034472e-5 5.969696969696969e-1 6.268553352088207e-5 3.742136395034475e-5
6e-1 6e-1 -7.06746572536937e-5 -4.2404794352216216e-5 6e-1 7.067465725369366e-5 4.2404794352216196e-5
6.03030303030303e-1 6.03030303030303e-1 -7.968197600583004e-5 -4.8050646136849024e-5 6.03030303030303e-1 7.968197600582995e-5 4.805064613684897e-5
6.060606060606061e-1 6.060606060606061e-1 -8.983725633643488e-5 -5.4446822022081744e-5 6.060606060606061e-1 8.983725633643488e-5 5.4446822022081744e-5
6.090909090909091e-1 6.090909090909091e-1 -1.0128680324724077e-4 -6.169287106877392e-5 6.090909090909091e-1 1.012868032472407e-4 6.169287106877388e-5
6.121212121212122e-1 6.121212121212122e-1 -1.1419556796815914e-4 -6.990152948353985e-5 6.121212121212122e-1 1.1419556796815924e-4 6.99015294835399e-5
6.151515151515152e-1 6.151515151515152e-1 -1.2874952437518135e-4 -7.920046499442975e-5 6.151515151515152e-1 1.287495243751812e-4 7.920046499442967e-5
6.181818181818182e-1 6.181818181818182e-1 -1.4515834827714957e-4 -8.973425166223792e-5 6.181818181818182e-1 1.451583482771497e-4 8.9734251662238e-5
6.212121212121212e-1 6.212121212121212e-1 -1.636584381713266e-4 -1.0166660553067259e-4 6.212121212121212e-1 1.6365843817132646e-4 1.016666055306725e-4
6.242424242424243e-1 6.242424242424243e-1 -1.8451632098714053e-4 -1.1518291552530591e-4 6.242424242424243e-1 1.8451632098714075e-4 1.1518291552530605e-4
6.272727272727273e-1 6.272727272727273e-1 -2.0803249188397575e-4 -1.3049310854540297e-4 6.272727272727273e-1 2.0803249188397553e-4 1.3049310854540284e-4
6.303030303030304e-1 6.303030303030304e-1 -2.3454574342213381e-4 -1.47834892823648e-4 6.303030303030304e-1 2.3454574342213352e-4 1.478348928236478e-4
6.333333333333333e-1 6.333333333333333e-1 -2.6443804647646556e-4 -1.6747742943509485e-4 6.333333333333333e-1 2.6443804647646583e-4 1.67477429435095e-4
6.363636363636364e-1 6.363636363636364e-1 -2.981400532109492e-4 -1.897254884069677e-4 6.363636363636364e-1 2.9814005321094895e-4 1.897254884069675e-4
6.393939393939394e-1 6.393939393939394e-1 -3.36137301394427e-4 -2.1492415331583062e-4 6.393939393939394e-1 3.3613730139442626e-4 2.1492415331583013e-4
6.424242424242425e-1 6.424242424242425e-1 -3.789772094417842e-4 -2.4346414667169168e-4 6.424242424242425e-1 3.7897720944178386e-4 2.4346414667169146e-4
6.454545454545455e-1 6.454545454545455e-1 -4.2727696295667694e-4 -2.757878579084006e-4 6.454545454545455e-1 4.272769629566767e-4 2.7578785790840046e-4
6.484848484848484e-1 6.484848484848484e-1 -4.817324063955443e-4 -3.12396166571656e-4 6.484848484848484e-1 4.817324063955448e-4 3.123961665716563e-4
6.515151515151516e-1 6.515151515151516e-1 -5.431280679533169e-4 -3.5385616548473686e-4 6.515151515151516e-1 5.431280679533176e-4 3.538561654847373e-4
6.545454545454545e-1 6.545454545454545e-1 -6.123484620971544e-4 -4.0080990246359194e-4 6.545454545454545e-1 6.123484620971552e-4 4.008099024635925e-4
6.575757575757576e-1 6.575757575757576e-1 -6.90390832581593e-4 -4.5398427475819904e-4 6.575757575757576e-1 6.903908325815944e-4 4.5398427475819997e-4
6.606060606060606e-1 6.606060606060606e-1 -7.783795195309036e-4 -5.142022280537485e-4 6.606060606060606e-1 7.783795195309034e-4 5.142022280537484e-4
6.636363636363637e-1 6.636363636363637e-1 -8.775821575723458e-4 -5.823954318434659e-4 6.636363636363637e-1 8.775821575723458e-4 5.823954318434659e-4
6.666666666666667e-1 6.666666666666667e-1 -9.894279383833547e-4 -6.596186255889032e-4 6.666666666666667e-1 9.894279383833545e-4 6.596186255889031e-4
6.696969696969697e-1 6.696969696969697e-1 -1.1155282007574083e-3 -7.470658556587491e-4 6.696969696969697e-1 1.1155282007574076e-3 7.470658556587487e-4
6.727272727272727e-1 6.727272727272727e-1 -1.25769964482534e-3 -8.460888519734105e-4 6.727272727272727e-1 1.2576996448253395e-3 8.460888519734103e-4
6.757575757575758e-1 6.757575757575758e-1 -1.4179905048744834e-3 -9.582178260212419e-4 6.757575757575758e-1 1.417990504874481e-3 9.582178260212403e-4
6.787878787878788e-1 6.787878787878788e-1 -1.5987100578320965e-3 -1.0851850089526958e-3 6.787878787878788e-1 1.598710057832094e-3 1.0851850089526943e-3
6.818181818181819e-1 6.818181818181819e-1 -1.8024618925354882e-3 -1.2289512903651057e-3 6.818181818181819e-1 1.8024618925354884e-3 1.228951290365106e-3
6.848484848484848e-1 6.848484848484848e-1 -2.0321814190924076e-3 -1.3917363658026791e-3 6.848484848484848e-1 2.032181419092405e-3 1.3917363658026772e-3
6.878787878787879e-1 6.878787878787879e-1 -2.291178158721048e-3 -1.5760528546353875e-3 6.878787878787879e-1 2.2911781587210502e-3 1.576052854635389e-3
6.909090909090909e-1 6.909090909090909e-1 -2.583183423330762e-3 -1.7847449106648903e-3 6.909090909090909e-1 2.5831834233307643e-3 1.7847449106648918e-3
6.93939393939394e-1 6.93939393939394e-1 -2.912404071752986e-3 -2.02103191645889e-3 6.93939393939394e-1 2.9124040717529854e-3 2.02103191645889e-3
6.96969696969697e-1 6.96969696969697e-1 -3.2835831170774654e-3 -2.2885579300842944e-3 6.96969696969697e-1 3.2835831170774606e-3 2.288557930084291e-3
7.000000000000001e-1 7.000000000000001e-1 -3.702068058250671e-3 -2.5914476407754698e-3 7.000000000000001e-1 3.702068058250674e-3 2.591447640775472e-3
7.030303030303031e-1 7.030303030303031e-1 -4.173887920375874e-3 -2.9343696894763723e-3 7.030303030303031e-1 4.1738879203758765e-3 2.934369689476374e-3
7.06060606060606e-1 7.06060606060606e-1 -4.705840113617854e-3 -3.322608322645333e-3 7.06060606060606e-1 4.705840113617842e-3 3.322608322645325e-3
7.090909090909091e-1 7.090909090909091e-1 -5.305588362070929e-3 -3.762144474923022e-3 7.090909090909091e-1 5.305588362070933e-3 3.762144474923025e-3
7.121212121212122e-1 7.121212121212122e-1 -5.9817731134305385e-3 -4.259747520170232e-3 7.121212121212122e-1 5.981773113430551e-3 4.259747520170241e-3
7.151515151515152e-1 7.151515151515152e-1 -6.744136020117808e-3 -4.82307909317516e-3 7.151515151515152e-1 6.744136020117812e-3 4.823079093175163e-3
7.181818181818183e-1 7.181818181818183e-1 -7.603660285230268e-3 -5.460810568483557e-3 7.181818181818183e-1 7.6036602852302595e-3 5.46081056848355e-3
7.212121212121212e-1 7.212121212121212e-1 -8.572728895254011e-3 -6.18275599112259e-3 7.212121212121212e-1 8.572728895254008e-3 6.1827559911225875e-3
7.242424242424242e-1 7.242424242424242e-1 -9.66530301916263e-3 -7.000022489635965e-3 7.242424242424242e-1 9.66530301916264e-3 7.000022489635973e-3
7.272727272727273e-1 7.272727272727273e-1 -1.0897123144061105e-2 -7.925180468408077e-3 7.272727272727273e-1 1.0897123144061084e-2 7.925180468408061e-3
7.303030303030303e-1 7.303030303030303e-1 -1.2285935845094631e-2 -8.972456177781231e-3 7.303030303030303e-1 1.2285935845094626e-2 8.972456177781227e-3
7.333333333333334e-1 7.333333333333334e-1 -1.3851749456648521e-2 -1.015794960154225e-2 7.333333333333334e-1 1.3851749456648545e-2 1.0157949601542267e-2
7.363636363636363e-1 7.363636363636363e-1 -1.5617122328240807e-2 -1.149988098715914e-2 7.363636363636363e-1 1.5617122328240796e-2 1.1499880987159131e-2
7.393939393939395e-1 7.393939393939395e-1 -1.7607487817950296e-2 -1.3018869780545068e-2 7.393939393939395e-1 1.7607487817950303e-2 1.3018869780545074e-2
7.424242424242424e-1 7.424242424242424e-1 -1.9851520705491454e-2 -1.4738250220743656e-2 7.424242424242424e-1 1.98515207054914e-2 1.4738250220743614e-2
7.454545454545455e-1 7.454545454545455e-1 -2.2381550303774644e-2 -1.668442840826837e-2 7.454545454545455e-1 2.2381550303774655e-2 1.668442840826838e-2
7.484848484848485e-1 7.484848484848485e-1 -2.523402622056181e-2 -1.8887286292359903e-2 7.484848484848485e-1 2.5234026220561832e-2 1.8887286292359917e-2
7.515151515151515e-1 7.515151515151515e-1 -2.8450043480348557e-2 -2.1380638736746792e-2 7.515151515151515e-1 2.8450043480348505e-2 2.1380638736746754e-2
7.545454545454546e-1 7.545454545454546e-1 -3.2075934571796104e-2 -2.4202750631446154e-2 7.545454545454546e-1 3.207593457179606e-2 2.4202750631446123e-2
7.575757575757576e-1 7.575757575757576e-1 -3.616393695021269e-2 -2.7396921931979307e-2 7.575757575757576e-1 3.616393695021257e-2 2.7396921931979217e-2
7.606060606060606e-1 7.606060606060606e-1 -4.0772945611658486e-2 -3.101214954098873e-2 7.606060606060606e-1 4.07729456116585e-2 3.101214954098874e-2
7.636363636363637e-1 7.636363636363637e-1 -4.596936158084642e-2 -3.510387611628272e-2 7.636363636363637e-1 4.596936158084643e-2 3.5103876116282726e-2
7.666666666666667e-1 7.666666666666667e-1 -5.182804853683095e-2 -3.9734837211570395e-2 7.666666666666667e-1 5.182804853683094e-2 3.9734837211570395e-2
7.696969696969698e-1 7.696969696969698e-1 -5.843341135838841e-2 -4.497601965160805e-2 7.696969696969698e-1 5.8433411358388324e-2 4.497601965160799e-2
7.727272727272727e-1 7.727272727272727e-1 -6.588061212746976e-2 -5.0907745734862994e-2 7.727272727272727e-1 6.588061212746951e-2 5.090774573486281e-2
7.757575757575759e-1 7.757575757575759e-1 -7.427694110942962e-2 -5.7620899769739345e-2 7.757575757575759e-1 7.427694110942978e-2 5.762089976973948e-2
7.787878787878787e-1 7.787878787878788e-1 -8.374336246146143e-2 -6.521831561392602e-2 7.787878787878787e-1 8.374336246146154e-2 6.52183156139261e-2
7.818181818181819e-1 7.818181818181819e-1 -9.441625693793504e-2 -7.381634633329467e-2 7.818181818181819e-1 9.441625693793543e-2 7.381634633329498e-2
7.848484848484849e-1 7.848484848484849e-1 -1.0644938669942434e-1 -8.354663986409366e-2 7.848484848484849e-1 1.0644938669942466e-1 8.354663986409391e-2
7.878787878787878e-1 7.878787878787878e-1 -1.2001611053202774e-1 -9.455814769190064e-2 7.878787878787878e-1 1.2001611053202747e-1 9.455814769190043e-2
7.90909090909091e-1 7.90909090909091e-1 -1.3531188139117575e-1 -1.0701939710029357e-1 7.90909090909091e-1 1.3531188139117603e-1 1.0701939710029379e-1
7.93939393939394e-1 7.93939393939394e-1 -1.5255706225151652e-1 -1.2112106154514342e-1 7.93939393939394e-1 1.5255706225151727e-1 1.2112106154514402e-1
7.96969696969697e-1 7.96969696969697e-1 -1.7200010083025244e-1 -1.370788682374436e-1 7.96969696969697e-1 1.7200010083025205e-1 1.370788682374433e-1
8e-1 8e-1 -1.939211089214765e-1 -1.551368871371812e-1 8e-1 1.9392110892147665e-1 1.5513688713718132e-1


"DUT:temp=30"
5e-1 5e-1 -3.309180617112885e-6 -1.6545903085564424e-6 5e-1 3.309180617112886e-6 1.654590308556443e-6
5.03030303030303e-1 5.03030303030303e-1 -3.716193802233406e-6 -1.8693580944568043e-6 5.03030303030303e-1 3.7161938022334006e-6 1.8693580944568016e-6
5.060606060606061e-1 5.060606060606061e-1 -4.173267637171054e-6 -2.111926349719897e-6 5.060606060606061e-1 4.173267637171057e-6 2.1119263497198986e-6
5.09090909090909e-1 5.09090909090909e-1 -4.686559339312716e-6 -2.385884754559201e-6 5.09090909090909e-1 4.6865593393127205e-6 2.385884754559203e-6
5.121212121212121e-1 5.121212121212121e-1 -5.262983433952564e-6 -2.6952854555696463e-6 5.121212121212121e-1 5.26298343395257e-6 2.6952854555696493e-6
5.151515151515151e-1 5.151515151515151e-1 -5.910304899495492e-6 -3.0447025239825262e-6 5.151515151515151e-1 5.910304899495486e-6 3.0447025239825233e-6
5.181818181818182e-1 5.181818181818182e-1 -6.63724376906934e-6 -3.4392990439722946e-6 5.181818181818182e-1 6.6372437690693496e-6 3.4392990439722992e-6
5.212121212121212e-1 5.212121212121212e-1 -7.453592597628776e-6 -3.884902808461059e-6 5.212121212121212e-1 7.45359259762877e-6 3.884902808461056e-6
5.242424242424243e-1 5.242424242424243e-1 -8.370348376943453e-6 -4.3880917248824775e-6 5.242424242424243e-1 8.370348376943444e-6 4.388091724882472e-6
5.272727272727272e-1 5.272727272727272e-1 -9.399860675491078e-6 -4.95629017434984e-6 5.272727272727272e-1 9.399860675491081e-6 4.956290174349842e-6
5.303030303030303e-1 5.303030303030303e-1 -1.0555997998839287e-5 -5.597877726657197e-6 5.303030303030303e-1 1.0555997998839297e-5 5.597877726657203e-6
5.333333333333333e-1 5.333333333333333e-1 -1.1854334611548429e-5 -6.322311792825828e-6 5.333333333333333e-1 1.185433461154843e-5 6.322311792825829e-6
5.363636363636364e-1 5.363636363636364e-1 -1.331236033726347e-5 -7.14026599907768e-6 5.363636363636364e-1 1.3312360337263475e-5 7.140265999077682e-6
5.393939393939394e-1 5.393939393939394e-1 -1.4949716163200678e-5 -8.063786294090064e-6 5.393939393939394e-1 1.4949716163200685e-5 8.063786294090067e-6
5.424242424242425e-1 5.424242424242425e-1 -1.6788458822844575e-5 -9.106467058452058e-6 5.424242424242425e-1 1.6788458822844595e-5 9.10646705845207e-6
5.454545454545454e-1 5.454545454545454e-1 -1.8853357921034815e-5 -1.0283649775109897e-5 5.454545454545454e-1 1.885335792103481e-5 1.0283649775109896e-5
5.484848484848485e-1 5.484848484848485e-1 -2.11722296039993e-5 -1.1612647146435979e-5 5.484848484848485e-1 2.1172229603999282e-5 1.1612647146435969e-5
5.515151515151515e-1 5.515151515151515e-1 -2.3776311269184348e-5 -1.311299591209561e-5 5.515151515151515e-1 2.3776311269184348e-5 1.311299591209561e-5
5.545454545454546e-1 5.545454545454546e-1 -2.6700682362579145e-5 -1.4806742037430254e-5 5.545454545454546e-1 2.670068236257914e-5 1.480674203743025e-5
5.575757575757576e-1 5.575757575757576e-1 -2.9984736932071833e-5 -1.671876241060975e-5 5.575757575757576e-1 2.9984736932071785e-5 1.6718762410609724e-5
5.606060606060607e-1 5.606060606060607e-1 -3.3672714302579e-5 -1.8877127715082168e-5 5.606060606060607e-1 3.367271430257903e-5 1.887712771508219e-5
5.636363636363636e-1 5.636363636363636e-1 -3.7814295021645406e-5 -2.1313511739472863e-5 5.636363636363636e-1 3.7814295021645454e-5 2.131351173947289e-5
5.666666666666667e-1 5.666666666666667e-1 -4.2465270103465304e-5 -2.406365305863034e-5 5.666666666666667e-1 4.246527010346532e-5 2.4063653058630346e-5
5.696969696969697e-1 5.696969696969697e-1 -4.768829258667423e-5 -2.7167875776650773e-5 5.696969696969697e-1 4.7688292586674135e-5 2.716787577665072e-5
5.727272727272728e-1 5.727272727272728e-1 -5.3553721530109986e-5 -3.067167687633572e-5 5.727272727272728e-1 5.355372153010993e-5 3.067167687633569e-5
5.757575757575758e-1 5.757575757575758e-1 -6.014056981596262e-5 -3.462638868191787e-5 5.757575757575758e-1 6.014056981596266e-5 3.46263886819179e-5
5.787878787878789e-1 5.787878787878789e-1 -6.753756852811922e-5 -3.908992602688113e-5 5.787878787878789e-1 6.753756852811933e-5 3.908992602688119e-5
5.818181818181818e-1 5.818181818181818e-1 -7.584436224388836e-5 -4.4127628941898676e-5 5.818181818181818e-1 7.58443622438884e-5 4.4127628941898703e-5
5.848484848484848e-1 5.848484848484848e-1 -8.517285134081653e-5 -4.981321305690179e-5 5.848484848484848e-1 8.517285134081649e-5 4.9813213056901764e-5
5.878787878787879e-1 5.878787878787879e-1 -9.564869940073767e-5 -5.6229841465888206e-5 5.878787878787879e-1 9.564869940073756e-5 5.6229841465888145e-5
5.909090909090909e-1 5.909090909090909e-1 -1.0741302601721941e-4 -6.347133355562965e-5 5.909090909090909e-1 1.0741302601721941e-4 6.347133355562965e-5
5.93939393939394e-1 5.93939393939394e-1 -1.2062430781012348e-4 -7.164352827510364e-5 5.93939393939394e-1 1.2062430781012335e-4 7.164352827510357e-5
5.969696969696969e-1 5.969696969696969e-1 -1.3546051325574434e-4 -8.086582154964131e-5 5.969696969696969e-1 1.3546051325574415e-4 8.08658215496412e-5
6e-1 6e-1 -1.5212150009071652e-4 -9.127290005442992e-5 6e-1 1.5212150009071639e-4 9.127290005442983e-5
6.03030303030303e-1 6.03030303030303e-1 -1.708317075849817e-4 -1.0301669639215563e-4 6.03030303030303e-1 1.7083170758498152e-4 1.0301669639215552e-4
6.060606060606061e-1 6.060606060606061e-1 -1.9184317995128968e-4 -1.1626859390987254e-4 6.060606060606061e-1 1.9184317995128965e-4 1.1626859390987253e-4
6.090909090909091e-1 6.090909090909091e-1 -2.1543896161942307e-4 -1.3122191298637587e-4 6.090909090909091e-1 2.154389616194233e-4 1.3122191298637603e-4
6.121212121212122e-1 6.121212121212122e-1 -2.419369101126943e-4 -1.480947146750432e-4 6.121212121212122e-1 2.419369101126941e-4 1.4809471467504309e-4
6.151515151515152e-1 6.151515151515152e-1 -2.716939778897821e-4 -1.6713296215644174e-4 6.151515151515152e-1 2.7169397788978243e-4 1.6713296215644193e-4
6.181818181818182e-1 6.181818181818182e-1 -3.051110208323734e-4 -1.886140856054672e-4 6.181818181818182e-1 3.051110208323737e-4 1.8861408560546738e-4
6.212121212121212e-1 6.212121212121212e-1 -3.426381981534825e-4 -2.1285100188322398e-4 6.212121212121212e-1 3.4263819815348275e-4 2.1285100188322414e-4
6.242424242424243e-1 6.242424242424243e-1 -3.8478103646832906e-4 -2.401966470075024e-4 6.242424242424243e-1 3.847810364683298e-4 2.4019664700750286e-4
6.272727272727273e-1 6.272727272727273e-1 -4.321072397165636e-4 -2.71049086731299e-4 6.272727272727273e-1 4.3210723971656424e-4 2.7104908673129943e-4
6.303030303030304e-1 6.303030303030304e-1 -4.852543366719239e-4 -3.0585727887200056e-4 6.303030303030304e-1 4.8525433667192315e-4 3.058572788720001e-4
6.333333333333333e-1 6.333333333333333e-1 -5.449382690585255e-4 -3.451275704037328e-4 6.333333333333333e-1 5.449382690585257e-4 3.451275704037329e-4
6.363636363636364e-1 6.363636363636364e-1 -6.119630359638726e-4 -3.8943102288610076e-4 6.363636363636364e-1 6.119630359638718e-4 3.894310228861003e-4
6.393939393939394e-1 6.393939393939394e-1 -6.872315244678927e-4 -4.3941167170522834e-4 6.393939393939394e-1 6.872315244678943e-4 4.394116717052294e-4
6.424242424242425e-1 6.424242424242425e-1 -7.717576723869288e-4 -4.957958380182694e-4 6.424242424242425e-1 7.717576723869299e-4 4.957958380182701e-4
6.454545454545455e-1 6.454545454545455e-1 -8.66680126976261e-4 -5.594026274119503e-4 6.454545454545455e-1 8.666801269762612e-4 5.594026274119505e-4
6.484848484848484e-1 6.484848484848484e-1 -9.732775835868922e-4 -6.311557663260452e-4 6.484848484848484e-1 9.732775835868912e-4 6.311557663260445e-4
6.515151515151516e-1 6.515151515151516e-1 -1.092986010902828e-3 -7.12096946497297e-4 6.515151515151516e-1 1.092986010902828e-3 7.12096946497297e-4
6.545454545454545e-1 6.545454545454545e-1 -1.2274179947989843e-3 -8.034008693229715e-4 6.545454545454545e-1 1.2274179947989836e-3 8.03400869322971e-4
6.575757575757576e-1 6.575757575757576e-1 -1.3783844614000673e-3 -9.063922064358018e-4 6.575757575757576e-1 1.3783844614000667e-3 9.063922064358014e-4
6.606060606060606e-1 6.606060606060606e-1 -1.5479190719702718e-3 -1.0225647202712705e-3 6.606060606060606e-1 1.5479190719702705e-3 1.0225647202712696e-3
6.636363636363637e-1 6.636363636363637e-1 -1.7383056182563306e-3 -1.1536028193882921e-3 6.636363636363637e-1 1.738305618256334e-3 1.1536028193882945e-3
6.666666666666667e-1 6.666666666666667e-1 -1.9521087873250256e-3 -1.301405858216684e-3 6.666666666666667e-1 1.9521087873250224e-3 1.3014058582166818e-3
6.696969696969697e-1 6.696969696969697e-1 -2.1922087103265625e-3 -1.4681155302490008e-3 6.696969696969697e-1 2.19220871032656e-3 1.468115530248999e-3
6.727272727272727e-1 6.727272727272727e-1 -2.4618397605886203e-3 -1.6561467480323445e-3 6.727272727272727e-1 2.4618397605886233e-3 1.6561467480323466e-3
6.757575757575758e-1 6.757575757575758e-1 -2.7646341236878397e-3 -1.8682224532799645e-3 6.757575757575758e-1 2.764634123687838e-3 1.8682224532799634e-3
6.787878787878788e-1 6.787878787878788e-1 -3.1046707264290596e-3 -2.107412856727604e-3 6.787878787878788e-1 3.1046707264290583e-3 2.1074128567276033e-3
6.818181818181819e-1 6.818181818181819e-1 -3.4865301838519908e-3 -2.3771796708081756e-3 6.818181818181819e-1 3.486530183851997e-3 2.37717967080818e-3
6.848484848484848e-1 6.848484848484848e-1 -3.915356504453446e-3 -2.6814259697166025e-3 6.848484848484848e-1 3.915356504453452e-3 2.6814259697166064e-3
6.878787878787879e-1 6.878787878787879e-1 -4.396926384852964e-3 -3.024552392004918e-3 6.878787878787879e-1 4.396926384852966e-3 3.024552392004919e-3
6.909090909090909e-1 6.909090909090909e-1 -4.937727027366556e-3 -3.4115204916350754e-3 6.909090909090909e-1 4.937727027366565e-3 3.4115204916350815e-3
6.93939393939394e-1 6.93939393939394e-1 -5.545043528765031e-3 -3.8479241457187643e-3 6.93939393939394e-1 5.545043528765035e-3 3.847924145718767e-3
6.96969696969697e-1 6.96969696969697e-1 -6.227057017426152e-3 -4.3400700424485305e-3 6.96969696969697e-1 6.2270570174261615e-3 4.340070042448537e-3
7.000000000000001e-1 7.000000000000001e-1 -6.992954860881168e-3 -4.895068402616818e-3 7.000000000000001e-1 6.992954860881155e-3 4.895068402616809e-3
7.030303030303031e-1 7.030303030303031e-1 -7.853054428355377e-3 -5.520935234480145e-3 7.030303030303031e-1 7.853054428355363e-3 5.520935234480135e-3
7.06060606060606e-1 7.06060606060606e-1 -8.818942075501823e-3 -6.226707586642196e-3 7.06060606060606e-1 8.81894207550183e-3 6.2267075866422016e-3
7.090909090909091e-1 7.090909090909091e-1 -9.903629223583843e-3 -7.022573449450361e-3 7.090909090909091e-1 9.903629223583869e-3 7.02257344945038e-3
7.121212121212122e-1 7.121212121212122e-1 -1.1121727635640566e-2 -7.920018164774343e-3 7.121212121212122e-1 1.1121727635640587e-2 7.920018164774358e-3
7.151515151515152e-1 7.151515151515152e-1 -1.2489646250771869e-2 -8.931989439945944e-3 7.151515151515152e-1 1.2489646250771884e-2 8.931989439945954e-3
7.181818181818183e-1 7.181818181818183e-1 -1.4025812228086687e-2 -1.0073083327444077e-2 7.181818181818183e-1 1.4025812228086697e-2 1.0073083327444084e-2
7.212121212121212e-1 7.212121212121212e-1 -1.5750919177985878e-2 -1.1359753831395876e-2 7.212121212121212e-1 1.5750919177985902e-2 1.1359753831395893e-2
7.242424242424242e-1 7.242424242424242e-1 -1.7688205924690614e-2 -1.2810549139397142e-2 7.242424242424242e-1 1.768820592469064e-2 1.281054913939716e-2
7.272727272727273e-1 7.272727272727273e-1 -1.986376955521052e-2 -1.4446377858334924e-2 7.272727272727273e-1 1.9863769555210475e-2 1.444637785833489e-2
7.303030303030303e-1 7.303030303030303e-1 -2.2306916971818525e-2 -1.6290809061237164e-2 7.303030303030303e-1 2.2306916971818507e-2 1.6290809061237154e-2
7.333333333333334e-1 7.333333333333334e-1 -2.505055968377734e-2 -1.837041043477005e-2 7.333333333333334e-1 2.505055968377736e-2 1.8370410434770067e-2
7.363636363636363e-1 7.363636363636363e-1 -2.813165715653462e-2 -2.0715129360720945e-2 7.363636363636363e-1 2.8131657156534623e-2 2.071512936072095e-2
7.393939393939395e-1 7.393939393939395e-1 -3.159171469072245e-2 -2.3358722377382665e-2 7.393939393939395e-1 3.1591714690722424e-2 2.3358722377382644e-2
7.424242424242424e-1 7.424242424242424e-1 -3.5477342537859065e-2 -2.6339239156895365e-2 7.424242424242424e-1 3.547734253785906e-2 2.633923915689536e-2
7.454545454545455e-1 7.454545454545455e-1 -3.984088378457691e-2 -2.9699567912139152e-2 7.454545454545455e-1 3.984088378457682e-2 2.9699567912139086e-2
7.484848484848485e-1 7.484848484848485e-1 -4.474111946356441e-2 -3.348805002272852e-2 7.484848484848485e-1 4.4741119463564426e-2 3.3488050022728526e-2
7.515151515151515e-1 7.515151515151515e-1 -5.0244060389741024e-2 -3.775917265653265e-2 7.515151515151515e-1 5.024406038974089e-2 3.7759172656532544e-2
7.545454545454546e-1 7.545454545454546e-1 -5.6423836388442734e-2 -4.2574349274915886e-2 7.545454545454546e-1 5.6423836388442894e-2 4.2574349274916004e-2
7.575757575757576e-1 7.575757575757576e-1 -6.33636948943679e-2 -4.800279916239992e-2 7.575757575757576e-1 6.33636948943679e-2 4.800279916239992e-2
7.606060606060606e-1 7.606060606060606e-1 -7.115712237335393e-2 -5.4122538532460115e-2 7.606060606060606e-1 7.115712237335416e-2 5.412253853246028e-2
7.636363636363637e-1 7.636363636363637e-1 -7.990910367360146e-2 -6.102149735075021e-2 7.636363636363637e-1 7.990910367360127e-2 6.102149735075006e-2
7.666666666666667e-1 7.666666666666667e-1 -8.973753627099292e-2 -6.879877780776124e-2 7.666666666666667e-1 8.973753627099275e-2 6.879877780776111e-2
7.696969696969698e-1 7.696969696969698e-1 -1.0077481845974044e-1 -7.756607239022446e-2 7.696969696969698e-1 1.0077481845974012e-1 7.756607239022423e-2
7.727272727272727e-1 7.727272727272727e-1 -1.1316963288278153e-1 -8.744926177305845e-2 7.727272727272727e-1 1.131696328827809e-1 8.744926177305797e-2
7.75757575757576e-1 7.757575757575759e-1 -1.2708894942777954e-1 -9.859021531367142e-2 7.75757575757576e-1 1.2708894942777982e-1 9.859021531367164e-2
7.787878787878787e-1 7.787878787878788e-1 -1.4272027446961852e-1 -1.1114881981421806e-1 7.787878787878787e-1 1.4272027446961758e-1 1.1114881981421731e-1
7.818181818181819e-1 7.818181818181819e-1 -1.602741767588409e-1 -1.253052654660029e-1 7.818181818181819e-1 1.6027417675884037e-1 1.2530526546600249e-1
7.848484848484849e-1 7.848484848484849e-1 -1.7998712398211067e-1 -1.4126262154959596e-1 7.848484848484849e-1 1.7998712398211036e-1 1.412626215495957e-1
7.878787878787877e-1 7.878787878787878e-1 -2.0212466820588065e-1 -1.5924973858645142e-1 7.878787878787877e-1 2.0212466820588076e-1 1.5924973858645147e-1
7.90909090909091e-1 7.90909090909091e-1 -2.2698502311420113e-1 -1.7952451828123184e-1 7.90909090909091e-1 2.2698502311420127e-1 1.7952451828123192e-1
7.93939393939394e-1 7.93939393939394e-1 -2.5490308122942323e-1 -2.0237759782457238e-1 7.93939393939394e-1 2.549030812294234e-1 2.023775978245725e-1
7.96969696969697e-1 7.96969696969697e-1 -2.862549252316247e-1 -2.2813650101793123e-1 7.96969696969697e-1 2.8625492523162427e-1 2.2813650101793087e-1
8.000000000000002e-1 8e-1 -3.214628941484296e-1 -2.571703153187437e-1 8.000000000000002e-1 3.2146289414843104e-1 2.571703153187449e-1


"DUT:temp=40"
5e-1 5e-1 -7.688570138916545e-6 -3.8442850694582725e-6 5e-1 7.688570138916543e-6 3.844285069458272e-6
5.03030303030303e-1 5.03030303030303e-1 -8.602302639948417e-6 -4.3272189037316284e-6 5.03030303030303e-1 8.60230263994843e-6 4.327218903731634e-6
5.060606060606061e-1 5.060606060606061e-1 -9.624625823104915e-6 -4.870643977147033e-6 5.060606060606061e-1 9.624625823104906e-6 4.870643977147029e-6
5.09090909090909e-1 5.09090909090909e-1 -1.0768444927316292e-5 -5.482117417542839e-6 5.09090909090909e-1 1.0768444927316289e-5 5.4821174175428375e-6
5.121212121212121e-1 5.121212121212121e-1 -1.2048198888406738e-5 -6.170138218608298e-6 5.121212121212121e-1 1.2048198888406736e-5 6.1701382186082975e-6
5.151515151515151e-1 5.151515151515151e-1 -1.3480042608184247e-5 -6.944264373913096e-6 5.151515151515151e-1 1.348004260818424e-5 6.944264373913093e-6
5.181818181818182e-1 5.181818181818182e-1 -1.5082050884930955e-5 -7.815244549464223e-6 5.181818181818182e-1 1.5082050884930938e-5 7.815244549464213e-6
5.212121212121212e-1 5.212121212121212e-1 -1.6874446579597793e-5 -8.79516609603279e-6 5.212121212121212e-1 1.6874446579597766e-5 8.795166096032776e-6
5.242424242424243e-1 5.242424242424243e-1 -1.8879855897946775e-5 -9.89762142528725e-6 5.242424242424243e-1 1.8879855897946775e-5 9.89762142528725e-6
5.272727272727272e-1 5.272727272727272e-1 -2.112359401118118e-5 -1.1137895024077349e-5 5.272727272727272e-1 2.1123594011181152e-5 1.1137895024077334e-5
5.303030303030303e-1 5.303030303030303e-1 -2.3633984620578222e-5 -1.2533173662427844e-5 5.303030303030303e-1 2.3633984620578212e-5 1.2533173662427839e-5
5.333333333333333e-1 5.333333333333333e-1 -2.6442717500131684e-5 -1.4102782666736898e-5 5.333333333333333e-1 2.644271750013173e-5 1.4102782666736922e-5
5.363636363636364e-1 5.363636363636364e-1 -2.9585248530623323e-5 -1.5868451484607056e-5 5.363636363636364e-1 2.9585248530623336e-5 1.5868451484607063e-5
5.393939393939394e-1 5.393939393939394e-1 -3.3101247274929706e-5 -1.7854612166477237e-5 5.393939393939394e-1 3.3101247274929753e-5 1.785461216647726e-5
5.424242424242425e-1 5.424242424242425e-1 -3.703509774450849e-5 -2.008873483717279e-5 5.424242424242425e-1 3.703509774450846e-5 2.008873483717277e-5
5.454545454545454e-1 5.454545454545454e-1 -4.143645867845736e-5 -2.2601704733704013e-5 5.454545454545454e-1 4.143645867845735e-5 2.260170473370401e-5
5.484848484848485e-1 5.484848484848485e-1 -4.636089040780246e-5 -2.5428245950946195e-5 5.484848484848485e-1 4.63608904078025e-5 2.542824595094622e-5
5.515151515151515e-1 5.515151515151515e-1 -5.187055621819615e-5 -2.8607397671853637e-5 5.515151515151515e-1 5.187055621819617e-5 2.8607397671853647e-5
5.545454545454546e-1 5.545454545454546e-1 -5.803500706464066e-5 -3.218304937220982e-5 5.545454545454546e-1 5.8035007064640684e-5 3.218304937220983e-5
5.575757575757576e-1 5.575757575757576e-1 -6.493205954403915e-5 -3.620454229122184e-5 5.575757575757576e-1 6.49320595440392e-5 3.620454229122186e-5
5.606060606060607e-1 5.606060606060607e-1 -7.264877820860804e-5 -4.072734535937118e-5 5.606060606060607e-1 7.264877820860805e-5 4.0727345359371186e-5
5.636363636363636e-1 5.636363636363636e-1 -8.128257462033223e-5 -4.581381478600544e-5 5.636363636363636e-1 8.128257462033214e-5 4.5813814786005386e-5
5.666666666666667e-1 5.666666666666667e-1 -9.09424370203137e-5 -5.1534047644844435e-5 5.666666666666667e-1 9.094243702031364e-5 5.1534047644844394e-5
5.696969696969697e-1 5.696969696969697e-1 -1.0175030613567265e-4 -5.796684107123169e-5 5.696969696969697e-1 1.0175030613567267e-4 5.7966841071231704e-5
5.727272727272728e-1 5.727272727272728e-1 -1.1384261449142764e-4 -6.520077011781765e-5 5.727272727272728e-1 1.1384261449142763e-4 6.520077011781765e-5
5.757575757575758e-1 5.757575757575758e-1 -1.2737200865876224e-4 -7.33353989247419e-5 5.757575757575758e-1 1.2737200865876243e-4 7.333539892474201e-5
5.787878787878789e-1 5.787878787878789e-1 -1.425092761803931e-4 -8.248264166804571e-5 5.787878787878789e-1 1.4250927618039317e-4 8.248264166804575e-5
5.818181818181818e-1 5.818181818181818e-1 -1.5944550149746143e-4 -9.276829178034118e-5 5.818181818181818e-1 1.594455014974612e-4 9.276829178034106e-5
5.848484848484848e-1 5.848484848484848e-1 -1.7839447809317932e-4 -1.0433374021813214e-4 5.848484848484848e-1 1.7839447809317934e-4 1.0433374021813216e-4
5.878787878787879e-1 5.878787878787879e-1 -1.995954073027847e-4 -1.1733790611133404e-4 5.878787878787879e-1 1.995954073027847e-4 1.1733790611133404e-4
5.909090909090909e-1 5.909090909090909e-1 -2.233159178580751e-4 -1.3195940600704438e-4 5.909090909090909e-1 2.2331591785807527e-4 1.319594060070445e-4
5.93939393939394e-1 5.93939393939394e-1 -2.4985544428358323e-4 -1.4839899115024944e-4 5.93939393939394e-1 2.498554442835834e-4 1.4839899115024955e-4
5.969696969696969e-1 5.969696969696969e-1 -2.795490067913735e-4 -1.6688228587242597e-4 5.969696969696969e-1 2.795490067913738e-4 1.6688228587242616e-4
6e-1 6e-1 -3.12771440389761e-4 -1.876628642338566e-4 6e-1 3.1277144038976084e-4 1.876628642338565e-4
6.03030303030303e-1 6.03030303030303e-1 -3.4994212659185224e-4 -2.1102570664175332e-4 6.03030303030303e-1 3.4994212659185257e-4 2.1102570664175351e-4
6.060606060606061e-1 6.060606060606061e-1 -3.9153028745437905e-4 -2.3729108330568428e-4 6.060606060606061e-1 3.915302874543792e-4 2.372910833056844e-4
6.090909090909091e-1 6.090909090909091e-1 -4.380609087758138e-4 -2.6681891716345027e-4 6.090909090909091e-1 4.3806090877581344e-4 2.6681891716345e-4
6.121212121212122e-1 6.121212121212122e-1 -4.901213672249289e-4 -3.000136853922292e-4 6.121212121212122e-1 4.901213672249294e-4 3.000136853922296e-4
6.151515151515152e-1 6.151515151515152e-1 -5.483688450569867e-4 -3.3732992589869185e-4 6.151515151515152e-1 5.483688450569873e-4 3.373299258986922e-4
6.181818181818182e-1 6.181818181818182e-1 -6.135386260167908e-4 -3.7927842335583426e-4 6.181818181818182e-1 6.135386260167911e-4 3.792784233558345e-4
6.212121212121212e-1 6.212121212121212e-1 -6.864533771515063e-4 -4.2643315853351145e-4 6.212121212121212e-1 6.864533771515062e-4 4.264331585335114e-4
6.242424242424243e-1 6.242424242424243e-1 -7.680335337016155e-4 -4.794391149773721e-4 6.242424242424243e-1 7.680335337016153e-4 4.7943911497737204e-4
6.272727272727273e-1 6.272727272727273e-1 -8.59308918163177e-4 -5.390210486659929e-4 6.272727272727273e-1 8.593089181631788e-4 5.39021048665994e-4
6.303030303030304e-1 6.303030303030304e-1 -9.614317401939083e-4 -6.059933392737363e-4 6.303030303030304e-1 9.614317401939092e-4 6.059933392737368e-4
6.333333333333333e-1 6.333333333333333e-1 -1.0756911414666823e-3 -6.812710562622321e-4 6.333333333333333e-1 1.0756911414666836e-3 6.812710562622329e-4
6.363636363636364e-1 6.363636363636364e-1 -1.2035294690765953e-3 -7.658823894123788e-4 6.363636363636364e-1 1.2035294690765964e-3 7.658823894123796e-4
6.393939393939394e-1 6.393939393939394e-1 -1.3465604829279963e-3 -8.60982611811537e-4 6.393939393939394e-1 1.3465604829279968e-3 8.609826118115373e-4
6.424242424242425e-1 6.424242424242425e-1 -1.506589726941461e-3 -9.678697639745144e-4 6.424242424242425e-1 1.5065897269414578e-3 9.678697639745123e-4
6.454545454545455e-1 6.454545454545455e-1 -1.685637321235417e-3 -1.0880022709792237e-3 6.454545454545455e-1 1.6856373212354153e-3 1.0880022709792226e-3
6.484848484848484e-1 6.484848484848484e-1 -1.8859634629983385e-3 -1.2230187305504376e-3 6.484848484848484e-1 1.8859634629983415e-3 1.2230187305504396e-3
6.515151515151516e-1 6.515151515151516e-1 -2.1100969579602308e-3 -1.3747601392771203e-3 6.515151515151516e-1 2.1100969579602295e-3 1.3747601392771194e-3
6.545454545454545e-1 6.545454545454545e-1 -2.3608671426287656e-3 -1.5452948569933738e-3 6.545454545454545e-1 2.360867142628764e-3 1.5452948569933728e-3
6.575757575757576e-1 6.575757575757576e-1 -2.641439600258935e-3 -1.7369466462308755e-3 6.575757575757576e-1 2.6414396002589374e-3 1.736946646230877e-3
6.606060606060606e-1 6.606060606060606e-1 -2.9553561214142876e-3 -1.952326165055499e-3 6.606060606060606e-1 2.955356121414285e-3 1.9523261650554974e-3
6.636363636363637e-1 6.636363636363637e-1 -3.3065794135599957e-3 -2.1943663380898154e-3 6.636363636363637e-1 3.306579413559994e-3 2.1943663380898145e-3
6.666666666666667e-1 6.666666666666667e-1 -3.699543124076582e-3 -2.4663620827177217e-3 6.666666666666667e-1 3.6995431240765884e-3 2.466362082717726e-3
6.696969696969697e-1 6.696969696969697e-1 -4.1392078081571165e-3 -2.7720149260688567e-3 6.696969696969697e-1 4.139207808157112e-3 2.7720149260688537e-3
6.727272727272727e-1 6.727272727272727e-1 -4.631123548095334e-3 -3.1154831141732247e-3 6.727272727272727e-1 4.631123548095331e-3 3.115483114173223e-3
6.757575757575758e-1 6.757575757575758e-1 -5.181500014435833e-3 -3.5014378885430027e-3 6.757575757575758e-1 5.181500014435831e-3 3.5014378885430014e-3
6.787878787878788e-1 6.787878787878788e-1 -5.797284853399337e-3 -3.935126688368035e-3 6.787878787878788e-1 5.797284853399347e-3 3.935126688368042e-3
6.818181818181819e-1 6.818181818181819e-1 -6.486251390102088e-3 -4.42244412961506e-3 6.818181818181819e-1 6.486251390102093e-3 4.422444129615064e-3
6.848484848484848e-1 6.848484848484848e-1 -7.257096754686138e-3 -4.970011716845657e-3 6.848484848484848e-1 7.2570967546861445e-3 4.9700117168456626e-3
6.878787878787879e-1 6.878787878787879e-1 -8.119551670050379e-3 -5.585267360913442e-3 6.878787878787879e-1 8.119551670050377e-3 5.585267360913441e-3
6.909090909090909e-1 6.909090909090909e-1 -9.084503287080908e-3 -6.276565907437718e-3 6.909090909090909e-1 9.084503287080922e-3 6.276565907437728e-3
6.93939393939394e-1 6.93939393939394e-1 -1.0164132617985322e-2 -7.05329202884436e-3 6.93939393939394e-1 1.0164132617985348e-2 7.053292028844378e-3
6.96969696969697e-1 6.96969696969697e-1 -1.1372068302611726e-2 -7.925986998789991e-3 6.96969696969697e-1 1.1372068302611707e-2 7.925986998789979e-3
7.000000000000001e-1 7.000000000000001e-1 -1.2723558648813638e-2 -8.906491054169546e-3 7.000000000000001e-1 1.2723558648813617e-2 8.906491054169532e-3
7.030303030303031e-1 7.030303030303031e-1 -1.423566411860272e-2 -1.0008103259138883e-2 7.030303030303031e-1 1.4235664118602706e-2 1.0008103259138873e-2
7.06060606060606e-1 7.06060606060606e-1 -1.5927472689926614e-2 -1.1245761020463336e-2 7.06060606060606e-1 1.5927472689926635e-2 1.1245761020463351e-2
7.090909090909091e-1 7.090909090909091e-1 -1.782034081268047e-2 -1.2636241667173424e-2 7.090909090909091e-1 1.782034081268047e-2 1.2636241667173424e-2
7.121212121212122e-1 7.121212121212122e-1 -1.9938163000644438e-2 -1.419838880348922e-2 7.121212121212122e-1 1.9938163000644417e-2 1.4198388803489207e-2
7.151515151515152e-1 7.151515151515152e-1 -2.230767346252871e-2 -1.5953366476232654e-2 7.151515151515152e-1 2.2307673462528665e-2 1.5953366476232623e-2
7.181818181818183e-1 7.181818181818183e-1 -2.4958783579746124e-2 -1.7924944570908583e-2 7.181818181818183e-1 2.495878357974616e-2 1.7924944570908607e-2
7.212121212121212e-1 7.212121212121212e-1 -2.792495949104536e-2 -2.013981926929938e-2 7.212121212121212e-1 2.7924959491045346e-2 2.013981926929937e-2
7.242424242424242e-1 7.242424242424242e-1 -3.1243644550422292e-2 -2.2627972871366447e-2 7.242424242424242e-1 3.1243644550422268e-2 2.262797287136643e-2
7.272727272727273e-1 7.272727272727273e-1 -3.495673199118265e-2 -2.54230778117692e-2 7.272727272727273e-1 3.495673199118263e-2 2.5423077811769185e-2
7.303030303030303e-1 7.303030303030303e-1 -3.911109376280578e-2 -2.8562950293443013e-2 7.303030303030303e-1 3.9111093762805756e-2 2.8562950293442992e-2
7.333333333333335e-1 7.333333333333334e-1 -4.375917221635007e-2 -3.209005962532339e-2 7.333333333333335e-1 4.3759172216350076e-2 3.2090059625323394e-2
7.363636363636363e-1 7.363636363636363e-1 -4.895964210750698e-2 -3.6052100097346045e-2 7.363636363636363e-1 4.895964210750701e-2 3.6052100097346065e-2
7.393939393939394e-1 7.393939393939395e-1 -5.4778151274066704e-2 -4.0502633063249326e-2 7.393939393939394e-1 5.4778151274066586e-2 4.0502633063249235e-2
7.424242424242424e-1 7.424242424242424e-1 -6.128814933768446e-2 -4.550180784161422e-2 7.424242424242424e-1 6.128814933768447e-2 4.550180784161423e-2
7.454545454545455e-1 7.454545454545455e-1 -6.857181489103258e-2 -5.111717110058792e-2 7.454545454545455e-1 6.857181489103233e-2 5.1117171100587735e-2
7.484848484848486e-1 7.484848484848485e-1 -7.672109287461827e-2 -5.742457557585065e-2 7.484848484848486e-1 7.67210928746182e-2 5.742457557585061e-2
7.515151515151515e-1 7.515151515151515e-1 -8.583885523854501e-2 -6.450920030048231e-2 7.515151515151515e-1 8.583885523854518e-2 6.450920030048243e-2
7.545454545454545e-1 7.545454545454546e-1 -9.604019954076554e-2 -7.246669601712309e-2 7.545454545454545e-1 9.60401995407653e-2 7.246669601712291e-2
7.575757575757576e-1 7.575757575757576e-1 -1.0745390187459204e-1 -8.140447111711518e-2 7.575757575757576e-1 1.0745390187459189e-1 8.140447111711507e-2
7.606060606060605e-1 7.606060606060606e-1 -1.2022404246643972e-1 -9.144313533053446e-2 7.606060606060605e-1 1.2022404246643946e-1 9.144313533053425e-2
7.636363636363637e-1 7.636363636363637e-1 -1.3451182446442056e-1 -1.0271812050010298e-1 7.636363636363637e-1 1.3451182446442114e-1 1.0271812050010343e-1
7.666666666666667e-1 7.666666666666667e-1 -1.5049760887717412e-1 -1.1538150013916683e-1 7.666666666666667e-1 1.5049760887717428e-1 1.1538150013916695e-1
7.696969696969698e-1 7.696969696969698e-1 -1.683831913508671e-1 -1.2960403213066743e-1 7.696969696969698e-1 1.6838319135086718e-1 1.2960403213066748e-1
7.727272727272727e-1 7.727272727272727e-1 -1.8839434952512826e-1 -1.4557745190578092e-1 7.727272727272727e-1 1.8839434952512882e-1 1.4557745190578136e-1
7.757575757575759e-1 7.757575757575759e-1 -2.1078369312432968e-1 -1.6351704678735882e-1 7.757575757575759e-1 2.107836931243298e-1 1.635170467873589e-1
7.787878787878788e-1 7.787878787878788e-1 -2.3583385276215416e-1 -1.8366454593901096e-1 7.787878787878788e-1 2.3583385276215474e-1 1.836645459390114e-1
7.818181818181819e-1 7.818181818181819e-1 -2.6386104771319113e-1 -2.0629136457576763e-1 7.818181818181819e-1 2.638610477131913e-1 2.0629136457576774e-1
7.848484848484849e-1 7.848484848484849e-1 -2.9521907768906924e-1 -2.3170224582263316e-1 7.848484848484849e-1 2.9521907768906913e-1 2.3170224582263307e-1
7.878787878787878e-1 7.878787878787878e-1 -3.303037890091244e-1 -2.602393489162798e-1 7.878787878787878e-1 3.3030378900912294e-1 2.6023934891627865e-1
7.90909090909091e-1 7.90909090909091e-1 -3.695580715440434e-1 -2.9228683840301617e-1 7.90909090909091e-1 3.6955807154404396e-1 2.922868384030166e-1
7.939393939393941e-1 7.93939393939394e-1 -4.134774495111225e-1 -3.2827603567246694e-1 7.939393939393941e-1 4.1347744951112203e-1 3.282760356724666e-1
7.96969696969697e-1 7.96969696969697e-1 -4.626163366962074e-1 -3.6869120167000774e-1 7.96969696969697e-1 4.626163366962083e-1 3.686912016700084e-1
8e-1 8e-1 -5.175950350648191e-1 -4.140760280518553e-1 8e-1 5.17595035064818e-1 4.140760280518544e-1


"DUT:temp=50"
5e-1 5e-1 -1.700586197050572e-5 -8.50293098525286e-6 5e-1 1.70058619705057e-5 8.50293098525285e-6
5.03030303030303e-1 5.03030303030303e-1 -1.8960885144186674e-5 -9.537899799802994e-6 5.03030303030303e-1 1.8960885144186697e-5 9.537899799803006e-6
5.060606060606061e-1 5.060606060606061e-1 -2.114066114459231e-5 -1.0698455791354291e-5 5.060606060606061e-1 2.114066114459231e-5 1.0698455791354291e-5
5.09090909090909e-1 5.09090909090909e-1 -2.3571027943261862e-5 -1.1999796043842402e-5 5.09090909090909e-1 2.3571027943261845e-5 1.1999796043842392e-5
5.121212121212121e-1 5.121212121212121e-1 -2.6280793889385166e-5 -1.3458952022139674e-5 5.121212121212121e-1 2.628079388938514e-5 1.345895202213966e-5
5.151515151515151e-1 5.151515151515151e-1 -2.9302079189525202e-5 -1.5095010491573588e-5 5.151515151515151e-1 2.9302079189525215e-5 1.5095010491573595e-5
5.181818181818182e-1 5.181818181818182e-1 -3.2670696644439344e-5 -1.6929360988482206e-5 5.181818181818182e-1 3.267069664443934e-5 1.6929360988482203e-5
5.212121212121212e-1 5.212121212121212e-1 -3.642657615605851e-5 -1.8985973026794133e-5 5.212121212121212e-1 3.642657615605856e-5 1.898597302679416e-5
5.242424242424243e-1 5.242424242424243e-1 -4.061423803651976e-5 -2.1291706607023998e-5 5.242424242424243e-1 4.06142380365198e-5 2.1291706607024018e-5
5.272727272727272e-1 5.272727272727272e-1 -4.528332072961921e-5 -2.3876660021071942e-5 5.272727272727272e-1 4.52833207296192e-5 2.387666002107194e-5
5.303030303030303e-1 5.303030303030303e-1 -5.04891692000314e-5 -2.677455942425907e-5 5.303030303030303e-1 5.048916920003141e-5 2.677455942425908e-5
5.333333333333333e-1 5.333333333333333e-1 -5.629349096476343e-5 -3.002319518120716e-5 5.333333333333333e-1 5.629349096476344e-5 3.0023195181207165e-5
5.363636363636364e-1 5.363636363636364e-1 -6.276508754311642e-5 -3.36649105913079e-5 5.363636363636364e-1 6.27650875431165e-5 3.3664910591307945e-5
5.393939393939394e-1 5.393939393939394e-1 -6.998066999538977e-5 -3.774714927024054e-5 5.393939393939394e-1 6.998066999538977e-5 3.774714927024054e-5
5.424242424242425e-1 5.424242424242425e-1 -7.802576821731985e-5 -4.232306821484926e-5 5.424242424242425e-1 7.80257682173199e-5 4.2323068214849284e-5
5.454545454545454e-1 5.454545454545454e-1 -8.699574476856917e-5 -4.745222441921954e-5 5.454545454545454e-1 8.699574476856918e-5 4.745222441921955e-5
5.484848484848485e-1 5.484848484848485e-1 -9.69969252526859e-5 -5.3201343850715595e-5 5.484848484848485e-1 9.699692525268587e-5 5.320134385071558e-5
5.515151515151515e-1 5.515151515151515e-1 -1.0814785864748369e-4 -5.964518264800616e-5 5.515151515151515e-1 1.081478586474835e-4 5.964518264800605e-5
5.545454545454546e-1 5.545454545454546e-1 -1.2058072252517068e-4 -6.68674915821401e-5 5.545454545454546e-1 1.2058072252517066e-4 6.68674915821401e-5
5.575757575757576e-1 5.575757575757576e-1 -1.3444288981900691e-4 -7.49620961415069e-5 5.575757575757576e-1 1.344428898190068e-4 7.496209614150683e-5
5.606060606060607e-1 5.606060606060607e-1 -1.4989867570814122e-4 -8.403410607880645e-5 5.606060606060607e-1 1.4989867570814133e-4 8.403410607880651e-5
5.636363636363636e-1 5.636363636363636e-1 -1.671312853273447e-4 -9.42012699117761e-5 5.636363636363636e-1 1.671312853273449e-4 9.42012699117762e-5
5.666666666666667e-1 5.666666666666667e-1 -1.8634498538879982e-4 -1.0559549172031989e-4 5.666666666666667e-1 1.8634498538879963e-4 1.0559549172031978e-4
5.696969696969697e-1 5.696969696969697e-1 -2.077675254572595e-4 -1.1836452965443875e-4 5.696969696969697e-1 2.0776752545725933e-4 1.1836452965443866e-4
5.727272727272728e-1 5.727272727272728e-1 -2.3165283757917762e-4 -1.3267389788625627e-4 5.727272727272728e-1 2.3165283757917794e-4 1.3267389788625646e-4
5.757575757575758e-1 5.757575757575758e-1 -2.582840462658385e-4 -1.4870899633487672e-4 5.757575757575758e-1 2.582840462658383e-4 1.487089963348766e-4
5.787878787878789e-1 5.787878787878789e-1 -2.879768245093173e-4 -1.6667749539781698e-4 5.787878787878789e-1 2.879768245093171e-4 1.666774953978169e-4
5.818181818181818e-1 5.818181818181818e-1 -3.210831356118271e-4 -1.8681200617415395e-4 5.818181818181818e-1 3.210831356118269e-4 1.868120061741538e-4
5.848484848484848e-1 5.848484848484848e-1 -3.579954051821854e-4 -2.0937307030352055e-4 5.848484848484848e-1 3.579954051821853e-4 2.0937307030352047e-4
5.878787878787879e-1 5.878787878787879e-1 -3.9915117275217925e-4 -2.346525076179478e-4 5.878787878787879e-1 3.991511727521792e-4 2.3465250761794777e-4
5.909090909090909e-1 5.909090909090909e-1 -4.4503827815074726e-4 -2.629771643618052e-4 5.909090909090909e-1 4.450382781507481e-4 2.629771643618057e-4
5.93939393939394e-1 5.93939393939394e-1 -4.96200644112656e-4 -2.9471310983660785e-4 5.93939393939394e-1 4.962006441126558e-4 2.9471310983660774e-4
5.969696969696969e-1 5.969696969696969e-1 -5.532447236658161e-4 -3.3027033503686595e-4 5.969696969696969e-1 5.532447236658167e-4 3.3027033503686627e-4
6e-1 6e-1 -6.168466887213446e-4 -3.7010801323280674e-4 6e-1 6.168466887213438e-4 3.701080132328063e-4
6.03030303030303e-1 6.03030303030303e-1 -6.877604450762805e-4 -4.1474038960660547e-4 6.03030303030303e-1 6.877604450762811e-4 4.1474038960660585e-4
6.060606060606061e-1 6.060606060606061e-1 -7.668265688348351e-4 -4.647433750514152e-4 6.060606060606061e-1 7.668265688348354e-4 4.647433750514154e-4
6.090909090909091e-1 6.090909090909091e-1 -8.549822701759552e-4 -5.207619281980818e-4 6.090909090909091e-1 8.549822701759534e-4 5.207619281980808e-4
6.121212121212122e-1 6.121212121212122e-1 -9.532725025727835e-4 -5.835183197566736e-4 6.121212121212122e-1 9.532725025727838e-4 5.835183197566737e-4
6.151515151515152e-1 6.151515151515152e-1 -1.062862349147077e-3 -6.538213844753233e-4 6.151515151515152e-1 1.0628623491470768e-3 6.538213844753231e-4
6.181818181818182e-1 6.181818181818182e-1 -1.18505083298023e-3 -7.325768785695967e-4 6.181818181818182e-1 1.1850508329802306e-3 7.32576878569597e-4
6.212121212121212e-1 6.212121212121212e-1 -1.3212863150814415e-3 -8.207990745202894e-4 6.212121212121212e-1 1.32128631508144e-3 8.207990745202885e-4
6.242424242424243e-1 6.242424242424243e-1 -1.4731836625326983e-3 -9.19623740853745e-4 6.242424242424243e-1 1.4731836625326994e-3 9.196237408537457e-4
6.272727272727273e-1 6.272727272727273e-1 -1.6425433903133752e-3 -1.0303226721056628e-3 6.272727272727273e-1 1.6425433903133765e-3 1.0303226721056634e-3
6.303030303030304e-1 6.303030303030304e-1 -1.8313730037017653e-3 -1.1543199538483855e-3 6.303030303030304e-1 1.8313730037017657e-3 1.1543199538483857e-3
6.333333333333333e-1 6.333333333333333e-1 -2.041910794235914e-3 -1.2932101696827454e-3 6.333333333333333e-1 2.0419107942359132e-3 1.293210169682745e-3
6.363636363636364e-1 6.363636363636364e-1 -2.2766523712990094e-3 -1.4487787817357332e-3 6.363636363636364e-1 2.2766523712990086e-3 1.4487787817357327e-3
6.393939393939394e-1 6.393939393939394e-1 -2.5383802438213796e-3 -1.6230249437767003e-3 6.393939393939394e-1 2.538380243821383e-3 1.6230249437767024e-3
6.424242424242425e-1 6.424242424242425e-1 -2.8301968027460087e-3 -1.8181870369156177e-3 6.424242424242425e-1 2.830196802746011e-3 1.8181870369156192e-3
6.454545454545455e-1 6.454545454545455e-1 -3.1555610952148094e-3 -2.0367712523659226e-3 6.454545454545455e-1 3.1555610952148047e-3 2.0367712523659195e-3
6.484848484848484e-1 6.484848484848484e-1 -3.5183298263787577e-3 -2.2815835843789517e-3 6.484848484848484e-1 3.5183298263787603e-3 2.2815835843789534e-3
6.515151515151516e-1 6.515151515151516e-1 -3.922803074846687e-3 -2.555765639672842e-3 6.515151515151516e-1 3.922803074846692e-3 2.5557656396728453e-3
6.545454545454545e-1 6.545454545454545e-1 -4.373775263660368e-3 -2.8628347180322407e-3 6.545454545454545e-1 4.37377526366037e-3 2.8628347180322425e-3
6.575757575757576e-1 6.575757575757576e-1 -4.876591990981102e-3 -3.20672867285727e-3 6.575757575757576e-1 4.876591990981106e-3 3.2067286728572728e-3
6.606060606060606e-1 6.606060606060606e-1 -5.437213394129239e-3 -3.591856120970225e-3 6.606060606060606e-1 5.437213394129243e-3 3.5918561209702274e-3
6.636363636363637e-1 6.636363636363637e-1 -6.062284798063089e-3 -4.023152638714595e-3 6.636363636363637e-1 6.062284798063092e-3 4.023152638714598e-3
6.666666666666667e-1 6.666666666666667e-1 -6.759215485728276e-3 -4.506143657152185e-3 6.666666666666667e-1 6.759215485728269e-3 4.50614365715218e-3
6.696969696969697e-1 6.696969696969697e-1 -7.536266523981816e-3 -5.0470148539393375e-3 6.696969696969697e-1 7.5362665239818265e-3 5.047014853939344e-3
6.727272727272727e-1 6.727272727272727e-1 -8.40264868613605e-3 -5.652690934309706e-3 6.727272727272727e-1 8.402648686136056e-3 5.6526909343097105e-3
6.757575757575758e-1 6.757575757575758e-1 -9.36863163184587e-3 -6.330923799701906e-3 6.757575757575758e-1 9.368631631845873e-3 6.3309237997019084e-3
6.787878787878788e-1 6.787878787878788e-1 -1.0445665638504048e-2 -7.0903912212875965e-3 6.787878787878788e-1 1.0445665638504057e-2 7.0903912212876025e-3
6.818181818181819e-1 6.818181818181819e-1 -1.1646517327087325e-2 -7.94080726846863e-3 6.818181818181819e-1 1.164651732708731e-2 7.940807268468622e-3
6.848484848484848e-1 6.848484848484848e-1 -1.2985420991278473e-2 -8.893045890996772e-3 6.848484848484848e-1 1.298542099127845e-2 8.893045890996756e-3
6.878787878787879e-1 6.878787878787879e-1 -1.447824732364561e-2 -9.959279219598646e-3 6.878787878787879e-1 1.4478247323645596e-2 9.959279219598638e-3
6.909090909090909e-1 6.909090909090909e-1 -1.6142691538872267e-2 -1.1153132335948111e-2 6.909090909090909e-1 1.614269153887228e-2 1.1153132335948121e-2
6.93939393939394e-1 6.93939393939394e-1 -1.799848312395802e-2 -1.2489856470867838e-2 6.93939393939394e-1 1.7998483123958044e-2 1.2489856470867856e-2
6.96969696969697e-1 6.96969696969697e-1 -2.0067619701663264e-2 -1.3986522822371367e-2 6.96969696969697e-1 2.006761970166324e-2 1.398652282237135e-2
7.000000000000001e-1 7.000000000000001e-1 -2.2374627779296774e-2 -1.5662239445507743e-2 7.000000000000001e-1 2.2374627779296826e-2 1.566223944550778e-2
7.030303030303031e-1 7.030303030303031e-1 -2.4946853473634234e-2 -1.7538393957221645e-2 7.030303030303031e-1 2.4946853473634286e-2 1.7538393957221683e-2
7.06060606060606e-1 7.06060606060606e-1 -2.7814786658071355e-2 -1.963892512524432e-2 7.06060606060606e-1 2.7814786658071394e-2 1.9638925125244348e-2
7.090909090909091e-1 7.090909090909091e-1 -3.101242237429266e-2 -2.1990626774498433e-2 7.090909090909091e-1 3.101242237429268e-2 2.1990626774498447e-2
7.121212121212122e-1 7.121212121212122e-1 -3.457766379244699e-2 -2.46234878521971e-2 7.121212121212122e-1 3.4577663792447005e-2 2.462348785219711e-2
7.151515151515152e-1 7.151515151515152e-1 -3.855277149631726e-2 -2.7571072948881434e-2 7.151515151515152e-1 3.855277149631735e-2 2.75710729488815e-2
7.181818181818183e-1 7.181818181818183e-1 -4.298486441908774e-2 -3.087094808279938e-2 7.181818181818183e-1 4.29848644190878e-2 3.0870948082799422e-2
7.212121212121212e-1 7.212121212121212e-1 -4.79264783675466e-2 -3.456515712568512e-2 7.212121212121212e-1 4.792647836754664e-2 3.456515712568515e-2
7.242424242424242e-1 7.242424242424242e-1 -5.3436188755193084e-2 -3.8700754886336806e-2 7.242424242424242e-1 5.343618875519316e-2 3.870075488633686e-2
7.272727272727273e-1 7.272727272727273e-1 -5.9579304925813495e-2 -4.333040358240982e-2 7.272727272727273e-1 5.957930492581361e-2 4.33304035824099e-2
7.303030303030303e-1 7.303030303030303e-1 -6.642864429768856e-2 -4.8513040229524074e-2 7.303030303030303e-1 6.64286442976886e-2 4.851304022952411e-2
7.333333333333333e-1 7.333333333333334e-1 -7.40653955047522e-2 -5.4314623370151624e-2 7.333333333333333e-1 7.406539550475205e-2 5.43146233701515e-2
7.363636363636363e-1 7.363636363636363e-1 -8.258008076594217e-2 -6.080896856401196e-2 7.363636363636363e-1 8.258008076594185e-2 6.0808968564011724e-2
7.393939393939395e-1 7.393939393939395e-1 -9.207362889018371e-2 -6.807868317940857e-2 7.393939393939395e-1 9.207362889018361e-2 6.80786831794085e-2
7.424242424242424e-1 7.424242424242424e-1 -1.0265857163587644e-1 -7.621621227512039e-2 7.424242424242424e-1 1.0265857163587674e-1 7.621621227512061e-2
7.454545454545455e-1 7.454545454545455e-1 -1.1446037760592366e-1 -8.532500876077946e-2 7.454545454545455e-1 1.1446037760592374e-1 8.532500876077952e-2
7.484848484848485e-1 7.484848484848485e-1 -1.276189394896248e-1 -9.552084258768886e-2 7.484848484848485e-1 1.2761893948962497e-1 9.552084258768899e-2
7.515151515151515e-1 7.515151515151515e-1 -1.4229023228046073e-1 -1.0693326547137653e-1 7.515151515151515e-1 1.4229023228046084e-1 1.0693326547137662e-1
7.545454545454546e-1 7.545454545454546e-1 -1.586481621254434e-1 -1.1970724960374365e-1 7.545454545454546e-1 1.5864816212544297e-1 1.1970724960374335e-1
7.575757575757576e-1 7.575757575757576e-1 -1.7688662772136338e-1 -1.3400502100103287e-1 7.575757575757576e-1 1.7688662772136302e-1 1.340050210010326e-1
7.606060606060606e-1 7.606060606060606e-1 -1.9722181869271033e-1 -1.5000811058142513e-1 7.606060606060606e-1 1.972218186927097e-1 1.5000811058142463e-1
7.636363636363636e-1 7.636363636363637e-1 -2.198947781950482e-1 -1.6791964880349136e-1 7.636363636363636e-1 2.1989477819504796e-1 1.6791964880349117e-1
7.666666666666667e-1 7.666666666666667e-1 -2.4517426011971177e-1 -1.879669327584457e-1 7.666666666666667e-1 2.4517426011971236e-1 1.8796693275844614e-1
7.696969696969698e-1 7.696969696969698e-1 -2.7335991476763866e-1 -2.104042980332734e-1 7.696969696969698e-1 2.733599147676388e-1 2.1040429803327354e-1
7.727272727272727e-1 7.727272727272727e-1 -3.047858407537696e-1 -2.355163314915492e-1 7.727272727272727e-1 3.0478584075376836e-1 2.3551633149154827e-1
7.757575757575759e-1 7.757575757575759e-1 -3.398245452444757e-1 -2.636214654017751e-1 7.757575757575759e-1 3.398245452444755e-1 2.6362146540177495e-1
7.787878787878789e-1 7.787878787878788e-1 -3.788913594706901e-1 -2.9507599813323443e-1 7.787878787878789e-1 3.7889135947069047e-1 2.9507599813323476e-1
7.818181818181817e-1 7.818181818181819e-1 -4.224493618560361e-1 -3.302785919965373e-1 7.818181818181817e-1 4.224493618560358e-1 3.302785919965371e-1
7.848484848484849e-1 7.848484848484849e-1 -4.710148671162208e-1 -3.6967530479727634e-1 7.848484848484849e-1 4.710148671162216e-1 3.6967530479727695e-1
7.878787878787877e-1 7.878787878787878e-1 -5.251635463947352e-1 -4.137652183716095e-1 7.878787878787877e-1 5.25163546394734e-1 4.137652183716085e-1
7.90909090909091e-1 7.90909090909091e-1 -5.855372509799046e-1 -4.6310673486592463e-1 7.90909090909091e-1 5.855372509799037e-1 4.631067348659239e-1
7.939393939393941e-1 7.93939393939394e-1 -6.528516204881303e-1 -5.183246199026974e-1 7.939393939393941e-1 6.528516204881338e-1 5.183246199027003e-1
7.969696969696969e-1 7.96969696969697e-1 -7.279045656970607e-1 -5.801178811464454e-1 7.969696969696969e-1 7.279045656970624e-1 5.801178811464467e-1
8e-1 8e-1 -8.115857265797519e-1 -6.492685812638016e-1 8e-1 8.115857265797517e-1 6.492685812638014e-1