"Vgs:V=-1.5"
0e+0 -1.5e+0 0e+0 0e+0 0e+0 -1.5e+0 0e+0 0e+0 -1.5e+0 -1.5e+0 0e+0 0e+0
3.0303030303030304e-2 -1.5e+0 3.0303030303030304e-2 -2.938475665748377e-5 -8.904471714389021e-7 -1.5e+0 0e+0 0e+0 -1.5e+0 -1.5303030303030303e+0 3.0303030303030276e-2 2.9384756657483904e-5
6.060606060606061e-2 -1.5e+0 6.060606060606061e-2 -5.693296602387503e-5 -3.4504827893257595e-6 -1.5e+0 0e+0 0e+0 -1.5e+0 -1.5606060606060606e+0 6.060606060606055e-2 5.6932966023875066e-5
9.090909090909091e-2 -1.5e+0 9.090909090909091e-2 -8.264462809917379e-5 -7.513148009015799e-6 -1.5e+0 0e+0 0e+0 -1.5e+0 -1.5909090909090908e+0 9.090909090909083e-2 8.264462809917349e-5
1.2121212121212122e-1 -1.5e+0 1.2121212121212122e-1 -1.0651974288337928e-4 -1.2911483985864156e-5 -1.5e+0 2.168404344971009e-19 -3.2526065174565133e-19 -1.5e+0 -1.621212121212121e+0 1.212121212121211e-1 1.0651974288337916e-4
1.5151515151515152e-1 -1.5e+0 1.5151515151515152e-1 -1.285583103764921e-4 -1.9478531875226078e-5 -1.5e+0 0e+0 0e+0 -1.5e+0 -1.6515151515151516e+0 1.515151515151516e-1 1.2855831037649225e-4
1.8181818181818182e-1 -1.5e+0 1.8181818181818182e-1 -1.4876033057851232e-4 -2.7047332832456786e-5 -1.5e+0 0e+0 0e+0 -1.5e+0 -1.6818181818181819e+0 1.8181818181818188e-1 1.4876033057851243e-4
2.1212121212121213e-1 -1.5e+0 2.1212121212121213e-1 -1.6712580348943987e-4 -3.5450928012911485e-5 -1.5e+0 0e+0 0e+0 -1.5e+0 -1.7121212121212122e+0 2.1212121212121215e-1 1.6712580348943987e-4
2.4242424242424243e-1 -1.5e+0 2.4242424242424243e-1 -1.8365472910927453e-4 -4.452235857194534e-5 -1.5e+0 0e+0 0e+0 -1.5e+0 -1.7424242424242424e+0 2.4242424242424243e-1 1.8365472910927458e-4
2.727272727272727e-1 -1.5e+0 2.727272727272727e-1 -1.983471074380165e-4 -5.4094665664913586e-5 -1.5e+0 0e+0 0e+0 -1.5e+0 -1.7727272727272727e+0 2.727272727272727e-1 1.9834710743801655e-4
3.0303030303030304e-1 -1.5e+0 3.0303030303030304e-1 -2.1120293847566563e-4 -6.40008904471714e-5 -1.5e+0 0e+0 0e+0 -1.5e+0 -1.803030303030303e+0 3.03030303030303e-1 2.112029384756657e-4
3.3333333333333337e-1 -1.5e+0 3.3333333333333337e-1 -2.222222222222223e-4 -7.40740740740741e-5 -1.5e+0 0e+0 0e+0 -1.5e+0 -1.8333333333333335e+0 3.333333333333335e-1 2.222222222222223e-4
3.6363636363636365e-1 -1.5e+0 3.6363636363636365e-1 -2.314049586776859e-4 -8.41472577009767e-5 -1.5e+0 -5.421010862427522e-20 8.131516293641283e-20 -1.5e+0 -1.8636363636363638e+0 3.6363636363636376e-1 2.31404958677686e-4
3.939393939393939e-1 -1.5e+0 3.939393939393939e-1 -2.38751147842057e-4 -9.405348248323457e-5 -1.5e+0 0e+0 0e+0 -1.5e+0 -1.893939393939394e+0 3.9393939393939403e-1 2.3875114784205695e-4
4.2424242424242425e-1 -1.5e+0 4.2424242424242425e-1 -2.442607897153353e-4 -1.0362578957620285e-4 -1.5e+0 -5.421010862427522e-20 8.131516293641283e-20 -1.5e+0 -1.9242424242424243e+0 4.242424242424243e-1 2.4426078971533517e-4
4.545454545454546e-1 -1.5e+0 4.545454545454546e-1 -2.479338842975207e-4 -1.126972201352367e-4 -1.5e+0 2.710505431213761e-20 -4.0657581468206416e-20 -1.5e+0 -1.9545454545454546e+0 4.545454545454546e-1 2.4793388429752067e-4
4.8484848484848486e-1 -1.5e+0 4.8484848484848486e-1 -2.4977043158861344e-4 -1.2110081531569137e-4 -1.5e+0 0e+0 0e+0 -1.5e+0 -1.9848484848484849e+0 4.8484848484848486e-1 2.4977043158861344e-4
5.151515151515151e-1 -1.5e+0 5.151515151515151e-1 -2.5e-4 -1.2878787878787878e-4 -1.5e+0 0e+0 0e+0 -1.5e+0 -2.015151515151515e+0 5.151515151515151e-1 2.5e-4
5.454545454545454e-1 -1.5e+0 5.454545454545454e-1 -2.5e-4 -1.3636363636363637e-4 -1.5e+0 0e+0 0e+0 -1.5e+0 -2.0454545454545454e+0 5.454545454545454e-1 2.5e-4
5.757575757575758e-1 -1.5e+0 5.757575757575758e-1 -2.5e-4 -1.4393939393939396e-4 -1.5e+0 0e+0 0e+0 -1.5e+0 -2.0757575757575757e+0 5.757575757575757e-1 2.5e-4
6.060606060606061e-1 -1.5e+0 6.060606060606061e-1 -2.5e-4 -1.5151515151515152e-4 -1.5e+0 0e+0 0e+0 -1.5e+0 -2.106060606060606e+0 6.06060606060606e-1 2.5e-4
6.363636363636364e-1 -1.5e+0 6.363636363636364e-1 -2.5e-4 -1.590909090909091e-4 -1.5e+0 0e+0 0e+0 -1.5e+0 -2.1363636363636362e+0 6.363636363636362e-1 2.5e-4
6.666666666666667e-1 -1.5e+0 6.666666666666667e-1 -2.5e-4 -1.666666666666667e-4 -1.5e+0 0e+0 0e+0 -1.5e+0 -2.166666666666667e+0 6.66666666666667e-1 2.5e-4
6.96969696969697e-1 -1.5e+0 6.96969696969697e-1 -2.5e-4 -1.7424242424242425e-4 -1.5e+0 0e+0 0e+0 -1.5e+0 -2.1969696969696972e+0 6.969696969696972e-1 2.5e-4
7.272727272727273e-1 -1.5e+0 7.272727272727273e-1 -2.5e-4 -1.8181818181818183e-4 -1.5e+0 0e+0 0e+0 -1.5e+0 -2.2272727272727275e+0 7.272727272727275e-1 2.5e-4
7.575757575757576e-1 -1.5e+0 7.575757575757576e-1 -2.5e-4 -1.893939393939394e-4 -1.5e+0 0e+0 0e+0 -1.5e+0 -2.257575757575758e+0 7.575757575757578e-1 2.5e-4
7.878787878787878e-1 -1.5e+0 7.878787878787878e-1 -2.5e-4 -1.9696969696969695e-4 -1.5e+0 0e+0 0e+0 -1.5e+0 -2.287878787878788e+0 7.878787878787881e-1 2.5e-4
8.181818181818182e-1 -1.5e+0 8.181818181818182e-1 -2.5e-4 -2.0454545454545457e-4 -1.5e+0 0e+0 0e+0 -1.5e+0 -2.3181818181818183e+0 8.181818181818183e-1 2.5e-4
8.484848484848485e-1 -1.5e+0 8.484848484848485e-1 -2.5e-4 -2.1212121212121213e-4 -1.5e+0 0e+0 0e+0 -1.5e+0 -2.3484848484848486e+0 8.484848484848486e-1 2.5e-4
8.787878787878788e-1 -1.5e+0 8.787878787878788e-1 -2.5e-4 -2.196969696969697e-4 -1.5e+0 0e+0 0e+0 -1.5e+0 -2.378787878787879e+0 8.787878787878789e-1 2.5e-4
9.090909090909092e-1 -1.5e+0 9.090909090909092e-1 -2.5e-4 -2.272727272727273e-4 -1.5e+0 0e+0 0e+0 -1.5e+0 -2.409090909090909e+0 9.090909090909092e-1 2.5e-4
9.393939393939394e-1 -1.5e+0 9.393939393939394e-1 -2.5e-4 -2.3484848484848486e-4 -1.5e+0 0e+0 0e+0 -1.5e+0 -2.4393939393939394e+0 9.393939393939394e-1 2.5e-4
9.696969696969697e-1 -1.5e+0 9.696969696969697e-1 -2.5e-4 -2.4242424242424245e-4 -1.5e+0 0e+0 0e+0 -1.5e+0 -2.4696969696969697e+0 9.696969696969697e-1 2.5e-4
1e+0 -1.5e+0 1e+0 -2.5e-4 -2.5e-4 -1.5e+0 0e+0 0e+0 -1.5e+0 -2.5e+0 1e+0 2.5e-4
1.0303030303030303e+0 -1.5e+0 1.0303030303030303e+0 -2.5e-4 -2.5757575757575756e-4 -1.5e+0 0e+0 0e+0 -1.5e+0 -2.5303030303030303e+0 1.0303030303030303e+0 2.5e-4
1.0606060606060606e+0 -1.5e+0 1.0606060606060606e+0 -2.5e-4 -2.651515151515151e-4 -1.5e+0 0e+0 0e+0 -1.5e+0 -2.5606060606060606e+0 1.0606060606060606e+0 2.5e-4
1.0909090909090908e+0 -1.5e+0 1.0909090909090908e+0 -2.5e-4 -2.7272727272727274e-4 -1.5e+0 0e+0 0e+0 -1.5e+0 -2.590909090909091e+0 1.0909090909090908e+0 2.5e-4
1.1212121212121213e+0 -1.5e+0 1.1212121212121213e+0 -2.5e-4 -2.8030303030303035e-4 -1.5e+0 0e+0 0e+0 -1.5e+0 -2.621212121212121e+0 1.121212121212121e+0 2.5e-4
1.1515151515151516e+0 -1.5e+0 1.1515151515151516e+0 -2.5e-4 -2.878787878787879e-4 -1.5e+0 0e+0 0e+0 -1.5e+0 -2.6515151515151514e+0 1.1515151515151514e+0 2.5e-4
1.1818181818181819e+0 -1.5e+0 1.1818181818181819e+0 -2.5e-4 -2.9545454545454547e-4 -1.5e+0 0e+0 0e+0 -1.5e+0 -2.6818181818181817e+0 1.1818181818181817e+0 2.5e-4
1.2121212121212122e+0 -1.5e+0 1.2121212121212122e+0 -2.5e-4 -3.0303030303030303e-4 -1.5e+0 0e+0 0e+0 -1.5e+0 -2.712121212121212e+0 1.212121212121212e+0 2.5e-4
1.2424242424242424e+0 -1.5e+0 1.2424242424242424e+0 -2.5e-4 -3.106060606060606e-4 -1.5e+0 0e+0 0e+0 -1.5e+0 -2.742424242424242e+0 1.2424242424242422e+0 2.5e-4
1.2727272727272727e+0 -1.5e+0 1.2727272727272727e+0 -2.5e-4 -3.181818181818182e-4 -1.5e+0 0e+0 0e+0 -1.5e+0 -2.7727272727272725e+0 1.2727272727272725e+0 2.5e-4
1.303030303030303e+0 -1.5e+0 1.303030303030303e+0 -2.5e-4 -3.2575757575757576e-4 -1.5e+0 0e+0 0e+0 -1.5e+0 -2.8030303030303028e+0 1.3030303030303028e+0 2.5e-4
1.3333333333333335e+0 -1.5e+0 1.3333333333333335e+0 -2.5e-4 -3.333333333333334e-4 -1.5e+0 0e+0 0e+0 -1.5e+0 -2.8333333333333335e+0 1.3333333333333335e+0 2.5e-4
1.3636363636363638e+0 -1.5e+0 1.3636363636363638e+0 -2.5e-4 -3.4090909090909094e-4 -1.5e+0 0e+0 0e+0 -1.5e+0 -2.8636363636363638e+0 1.3636363636363638e+0 2.5e-4
1.393939393939394e+0 -1.5e+0 1.393939393939394e+0 -2.5e-4 -3.484848484848485e-4 -1.5e+0 0e+0 0e+0 -1.5e+0 -2.893939393939394e+0 1.393939393939394e+0 2.5e-4
1.4242424242424243e+0 -1.5e+0 1.4242424242424243e+0 -2.5e-4 -3.560606060606061e-4 -1.5e+0 0e+0 0e+0 -1.5e+0 -2.9242424242424243e+0 1.4242424242424243e+0 2.5e-4
1.4545454545454546e+0 -1.5e+0 1.4545454545454546e+0 -2.5e-4 -3.6363636363636367e-4 -1.5e+0 0e+0 0e+0 -1.5e+0 -2.9545454545454546e+0 1.4545454545454546e+0 2.5e-4
1.4848484848484849e+0 -1.5e+0 1.4848484848484849e+0 -2.5e-4 -3.7121212121212123e-4 -1.5e+0 0e+0 0e+0 -1.5e+0 -2.984848484848485e+0 1.4848484848484849e+0 2.5e-4
1.5151515151515151e+0 -1.5e+0 1.5151515151515151e+0 -2.5e-4 -3.787878787878788e-4 -1.5e+0 0e+0 0e+0 -1.5e+0 -3.015151515151515e+0 1.5151515151515151e+0 2.5e-4
1.5454545454545454e+0 -1.5e+0 1.5454545454545454e+0 -2.5e-4 -3.8636363636363635e-4 -1.5e+0 0e+0 0e+0 -1.5e+0 -3.0454545454545454e+0 1.5454545454545454e+0 2.5e-4
1.5757575757575757e+0 -1.5e+0 1.5757575757575757e+0 -2.5e-4 -3.939393939393939e-4 -1.5e+0 0e+0 0e+0 -1.5e+0 -3.0757575757575757e+0 1.5757575757575757e+0 2.5e-4
1.6060606060606062e+0 -1.5e+0 1.6060606060606062e+0 -2.5e-4 -4.015151515151516e-4 -1.5e+0 0e+0 0e+0 -1.5e+0 -3.1060606060606064e+0 1.6060606060606064e+0 2.5e-4
1.6363636363636365e+0 -1.5e+0 1.6363636363636365e+0 -2.5e-4 -4.0909090909090913e-4 -1.5e+0 0e+0 0e+0 -1.5e+0 -3.1363636363636367e+0 1.6363636363636367e+0 2.5e-4
1.6666666666666667e+0 -1.5e+0 1.6666666666666667e+0 -2.5e-4 -4.166666666666667e-4 -1.5e+0 0e+0 0e+0 -1.5e+0 -3.166666666666667e+0 1.666666666666667e+0 2.5e-4
1.696969696969697e+0 -1.5e+0 1.696969696969697e+0 -2.5e-4 -4.2424242424242425e-4 -1.5e+0 0e+0 0e+0 -1.5e+0 -3.1969696969696972e+0 1.6969696969696972e+0 2.5e-4
1.7272727272727273e+0 -1.5e+0 1.7272727272727273e+0 -2.5e-4 -4.318181818181818e-4 -1.5e+0 0e+0 0e+0 -1.5e+0 -3.2272727272727275e+0 1.7272727272727275e+0 2.5e-4
1.7575757575757576e+0 -1.5e+0 1.7575757575757576e+0 -2.5e-4 -4.393939393939394e-4 -1.5e+0 0e+0 0e+0 -1.5e+0 -3.257575757575758e+0 1.7575757575757578e+0 2.5e-4
1.7878787878787878e+0 -1.5e+0 1.7878787878787878e+0 -2.5e-4 -4.46969696969697e-4 -1.5e+0 0e+0 0e+0 -1.5e+0 -3.287878787878788e+0 1.787878787878788e+0 2.5e-4
1.8181818181818183e+0 -1.5e+0 1.8181818181818183e+0 -2.5e-4 -4.545454545454546e-4 -1.5e+0 0e+0 0e+0 -1.5e+0 -3.3181818181818183e+0 1.8181818181818183e+0 2.5e-4
1.8484848484848486e+0 -1.5e+0 1.8484848484848486e+0 -2.5e-4 -4.6212121212121216e-4 -1.5e+0 0e+0 0e+0 -1.5e+0 -3.3484848484848486e+0 1.8484848484848486e+0 2.5e-4
1.878787878787879e+0 -1.5e+0 1.878787878787879e+0 -2.5e-4 -4.696969696969697e-4 -1.5e+0 0e+0 0e+0 -1.5e+0 -3.378787878787879e+0 1.878787878787879e+0 2.5e-4
1.9090909090909092e+0 -1.5e+0 1.9090909090909092e+0 -2.5e-4 -4.772727272727273e-4 -1.5e+0 0e+0 0e+0 -1.5e+0 -3.409090909090909e+0 1.9090909090909092e+0 2.5e-4
1.9393939393939394e+0 -1.5e+0 1.9393939393939394e+0 -2.5e-4 -4.848484848484849e-4 -1.5e+0 0e+0 0e+0 -1.5e+0 -3.4393939393939394e+0 1.9393939393939394e+0 2.5e-4
1.9696969696969697e+0 -1.5e+0 1.9696969696969697e+0 -2.5e-4 -4.924242424242425e-4 -1.5e+0 0e+0 0e+0 -1.5e+0 -3.4696969696969697e+0 1.9696969696969697e+0 2.5e-4
2e+0 -1.5e+0 2e+0 -2.5e-4 -5e-4 -1.5e+0 0e+0 0e+0 -1.5e+0 -3.5e+0 2e+0 2.5e-4
2.0303030303030303e+0 -1.5e+0 2.0303030303030303e+0 -2.5e-4 -5.075757575757576e-4 -1.5e+0 0e+0 0e+0 -1.5e+0 -3.5303030303030303e+0 2.0303030303030303e+0 2.5e-4
2.0606060606060606e+0 -1.5e+0 2.0606060606060606e+0 -2.5e-4 -5.151515151515151e-4 -1.5e+0 0e+0 0e+0 -1.5e+0 -3.5606060606060606e+0 2.0606060606060606e+0 2.5e-4
2.090909090909091e+0 -1.5e+0 2.090909090909091e+0 -2.5e-4 -5.227272727272727e-4 -1.5e+0 0e+0 0e+0 -1.5e+0 -3.590909090909091e+0 2.090909090909091e+0 2.5e-4
2.121212121212121e+0 -1.5e+0 2.121212121212121e+0 -2.5e-4 -5.303030303030302e-4 -1.5e+0 0e+0 0e+0 -1.5e+0 -3.621212121212121e+0 2.121212121212121e+0 2.5e-4
2.1515151515151514e+0 -1.5e+0 2.1515151515151514e+0 -2.5e-4 -5.378787878787878e-4 -1.5e+0 0e+0 0e+0 -1.5e+0 -3.6515151515151514e+0 2.1515151515151514e+0 2.5e-4
2.1818181818181817e+0 -1.5e+0 2.1818181818181817e+0 -2.5e-4 -5.454545454545455e-4 -1.5e+0 0e+0 0e+0 -1.5e+0 -3.6818181818181817e+0 2.1818181818181817e+0 2.5e-4
2.2121212121212124e+0 -1.5e+0 2.2121212121212124e+0 -2.5e-4 -5.530303030303031e-4 -1.5e+0 0e+0 0e+0 -1.5e+0 -3.7121212121212124e+0 2.2121212121212124e+0 2.5e-4
2.2424242424242427e+0 -1.5e+0 2.2424242424242427e+0 -2.5e-4 -5.606060606060607e-4 -1.5e+0 0e+0 0e+0 -1.5e+0 -3.7424242424242427e+0 2.2424242424242427e+0 2.5e-4
2.272727272727273e+0 -1.5e+0 2.272727272727273e+0 -2.5e-4 -5.681818181818183e-4 -1.5e+0 0e+0 0e+0 -1.5e+0 -3.772727272727273e+0 2.272727272727273e+0 2.5e-4
2.303030303030303e+0 -1.5e+0 2.303030303030303e+0 -2.5e-4 -5.757575757575758e-4 -1.5e+0 0e+0 0e+0 -1.5e+0 -3.803030303030303e+0 2.303030303030303e+0 2.5e-4
2.3333333333333335e+0 -1.5e+0 2.3333333333333335e+0 -2.5e-4 -5.833333333333334e-4 -1.5e+0 0e+0 0e+0 -1.5e+0 -3.8333333333333335e+0 2.3333333333333335e+0 2.5e-4
2.3636363636363638e+0 -1.5e+0 2.3636363636363638e+0 -2.5e-4 -5.909090909090909e-4 -1.5e+0 0e+0 0e+0 -1.5e+0 -3.8636363636363638e+0 2.3636363636363638e+0 2.5e-4
2.393939393939394e+0 -1.5e+0 2.393939393939394e+0 -2.5e-4 -5.984848484848485e-4 -1.5e+0 0e+0 0e+0 -1.5e+0 -3.893939393939394e+0 2.393939393939394e+0 2.5e-4
2.4242424242424243e+0 -1.5e+0 2.4242424242424243e+0 -2.5e-4 -6.060606060606061e-4 -1.5e+0 0e+0 0e+0 -1.5e+0 -3.9242424242424243e+0 2.4242424242424243e+0 2.5e-4
2.4545454545454546e+0 -1.5e+0 2.4545454545454546e+0 -2.5e-4 -6.136363636363636e-4 -1.5e+0 0e+0 0e+0 -1.5e+0 -3.9545454545454546e+0 2.4545454545454546e+0 2.5e-4
2.484848484848485e+0 -1.5e+0 2.484848484848485e+0 -2.5e-4 -6.212121212121212e-4 -1.5e+0 0e+0 0e+0 -1.5e+0 -3.984848484848485e+0 2.484848484848485e+0 2.5e-4
2.515151515151515e+0 -1.5e+0 2.515151515151515e+0 -2.5e-4 -6.287878787878788e-4 -1.5e+0 0e+0 0e+0 -1.5e+0 -4.015151515151516e+0 2.5151515151515156e+0 2.5e-4
2.5454545454545454e+0 -1.5e+0 2.5454545454545454e+0 -2.5e-4 -6.363636363636364e-4 -1.5e+0 0e+0 0e+0 -1.5e+0 -4.045454545454545e+0 2.545454545454545e+0 2.5e-4
2.5757575757575757e+0 -1.5e+0 2.5757575757575757e+0 -2.5e-4 -6.43939393939394e-4 -1.5e+0 0e+0 0e+0 -1.5e+0 -4.075757575757576e+0 2.575757575757576e+0 2.5e-4
2.606060606060606e+0 -1.5e+0 2.606060606060606e+0 -2.5e-4 -6.515151515151515e-4 -1.5e+0 0e+0 0e+0 -1.5e+0 -4.1060606060606055e+0 2.6060606060606055e+0 2.5e-4
2.6363636363636362e+0 -1.5e+0 2.6363636363636362e+0 -2.5e-4 -6.590909090909091e-4 -1.5e+0 0e+0 0e+0 -1.5e+0 -4.136363636363637e+0 2.6363636363636367e+0 2.5e-4
2.666666666666667e+0 -1.5e+0 2.666666666666667e+0 -2.5e-4 -6.666666666666668e-4 -1.5e+0 0e+0 0e+0 -1.5e+0 -4.166666666666667e+0 2.666666666666667e+0 2.5e-4
2.6969696969696972e+0 -1.5e+0 2.6969696969696972e+0 -2.5e-4 -6.742424242424243e-4 -1.5e+0 0e+0 0e+0 -1.5e+0 -4.196969696969697e+0 2.6969696969696972e+0 2.5e-4
2.7272727272727275e+0 -1.5e+0 2.7272727272727275e+0 -2.5e-4 -6.818181818181819e-4 -1.5e+0 0e+0 0e+0 -1.5e+0 -4.2272727272727275e+0 2.7272727272727275e+0 2.5e-4
2.757575757575758e+0 -1.5e+0 2.757575757575758e+0 -2.5e-4 -6.893939393939394e-4 -1.5e+0 0e+0 0e+0 -1.5e+0 -4.257575757575758e+0 2.757575757575758e+0 2.5e-4
2.787878787878788e+0 -1.5e+0 2.787878787878788e+0 -2.5e-4 -6.96969696969697e-4 -1.5e+0 0e+0 0e+0 -1.5e+0 -4.287878787878788e+0 2.787878787878788e+0 2.5e-4
2.8181818181818183e+0 -1.5e+0 2.8181818181818183e+0 -2.5e-4 -7.045454545454546e-4 -1.5e+0 0e+0 0e+0 -1.5e+0 -4.318181818181818e+0 2.8181818181818183e+0 2.5e-4
2.8484848484848486e+0 -1.5e+0 2.8484848484848486e+0 -2.5e-4 -7.121212121212122e-4 -1.5e+0 0e+0 0e+0 -1.5e+0 -4.348484848484849e+0 2.8484848484848486e+0 2.5e-4
2.878787878787879e+0 -1.5e+0 2.878787878787879e+0 -2.5e-4 -7.196969696969698e-4 -1.5e+0 0e+0 0e+0 -1.5e+0 -4.378787878787879e+0 2.878787878787879e+0 2.5e-4
2.909090909090909e+0 -1.5e+0 2.909090909090909e+0 -2.5e-4 -7.272727272727273e-4 -1.5e+0 0e+0 0e+0 -1.5e+0 -4.409090909090909e+0 2.909090909090909e+0 2.5e-4
2.9393939393939394e+0 -1.5e+0 2.9393939393939394e+0 -2.5e-4 -7.348484848484849e-4 -1.5e+0 0e+0 0e+0 -1.5e+0 -4.4393939393939394e+0 2.9393939393939394e+0 2.5e-4
2.9696969696969697e+0 -1.5e+0 2.9696969696969697e+0 -2.5e-4 -7.424242424242425e-4 -1.5e+0 0e+0 0e+0 -1.5e+0 -4.46969696969697e+0 2.9696969696969697e+0 2.5e-4
3e+0 -1.5e+0 3e+0 -2.5e-4 -7.5e-4 -1.5e+0 0e+0 0e+0 -1.5e+0 -4.5e+0 3e+0 2.5e-4


"Vgs:V=-1.125"
0e+0 -1.125e+0 0e+0 0e+0 0e+0 -1.125e+0 0e+0 0e+0 -1.125e+0 -1.125e+0 0e+0 0e+0
3.0303030303030304e-2 -1.125e+0 3.0303030303030304e-2 -5.211202938475677e-5 -1.5791524055986902e-6 -1.125e+0 2.168404344971009e-19 -2.439454888092385e-19 -1.125e+0 -1.1553030303030303e+0 3.0303030303030276e-2 5.211202938475661e-5
6.060606060606061e-2 -1.125e+0 6.060606060606061e-2 -1.023875114784206e-4 -6.205303725964885e-6 -1.125e+0 2.168404344971009e-19 -2.439454888092385e-19 -1.125e+0 -1.1856060606060606e+0 6.060606060606055e-2 1.0238751147842048e-4
9.090909090909091e-2 -1.125e+0 9.090909090909091e-2 -1.5082644628099215e-4 -1.3711495116453832e-5 -1.125e+0 2.168404344971009e-19 -2.439454888092385e-19 -1.125e+0 -1.2159090909090908e+0 9.090909090909083e-2 1.508264462809916e-4
1.2121212121212122e-1 -1.125e+0 1.2121212121212122e-1 -1.9742883379247032e-4 -2.3930767732420646e-5 -1.125e+0 2.168404344971009e-19 -2.439454888092385e-19 -1.125e+0 -1.246212121212121e+0 1.212121212121211e-1 1.9742883379247e-4
1.5151515151515152e-1 -1.125e+0 1.5151515151515152e-1 -2.4219467401285534e-4 -3.669616272922051e-5 -1.125e+0 -2.168404344971009e-19 2.439454888092385e-19 -1.125e+0 -1.2765151515151516e+0 1.515151515151516e-1 2.4219467401285594e-4
1.8181818181818182e-1 -1.125e+0 1.8181818181818182e-1 -2.8512396694214883e-4 -5.184072126220888e-5 -1.125e+0 0e+0 0e+0 -1.125e+0 -1.3068181818181819e+0 1.8181818181818188e-1 2.851239669421489e-4
2.1212121212121213e-1 -1.125e+0 2.1212121212121213e-1 -3.2621671258034883e-4 -6.919748448674067e-5 -1.125e+0 0e+0 0e+0 -1.125e+0 -1.3371212121212122e+0 2.1212121212121215e-1 3.26216712580349e-4
2.4242424242424243e-1 -1.125e+0 2.4242424242424243e-1 -3.6547291092745634e-4 -8.859949355817123e-5 -1.125e+0 -2.168404344971009e-19 2.439454888092385e-19 -1.125e+0 -1.3674242424242424e+0 2.4242424242424243e-1 3.654729109274564e-4
2.727272727272727e-1 -1.125e+0 2.727272727272727e-1 -4.0289256198347133e-4 -1.0987978963185582e-4 -1.125e+0 0e+0 0e+0 -1.125e+0 -1.3977272727272727e+0 2.727272727272727e-1 4.028925619834711e-4
3.0303030303030304e-1 -1.125e+0 3.0303030303030304e-1 -4.3847566574839285e-4 -1.3287141386314935e-4 -1.125e+0 0e+0 0e+0 -1.125e+0 -1.428030303030303e+0 3.03030303030303e-1 4.3847566574839296e-4
3.3333333333333337e-1 -1.125e+0 3.3333333333333337e-1 -4.722222222222221e-4 -1.5740740740740738e-4 -1.125e+0 0e+0 0e+0 -1.125e+0 -1.4583333333333335e+0 3.333333333333335e-1 4.722222222222224e-4
3.6363636363636365e-1 -1.125e+0 3.6363636363636365e-1 -5.041322314049586e-4 -1.8332081141998494e-4 -1.125e+0 -2.168404344971009e-19 2.439454888092385e-19 -1.125e+0 -1.4886363636363638e+0 3.6363636363636376e-1 5.041322314049588e-4
3.939393939393939e-1 -1.125e+0 3.939393939393939e-1 -5.342056932966023e-4 -2.1044466705623724e-4 -1.125e+0 0e+0 0e+0 -1.125e+0 -1.518939393939394e+0 3.9393939393939403e-1 5.342056932966025e-4
4.2424242424242425e-1 -1.125e+0 4.2424242424242425e-1 -5.624426078971533e-4 -2.386120154715196e-4 -1.125e+0 0e+0 0e+0 -1.125e+0 -1.5492424242424243e+0 4.242424242424243e-1 5.624426078971534e-4
4.545454545454546e-1 -1.125e+0 4.545454545454546e-1 -5.888429752066114e-4 -2.67655897821187e-4 -1.125e+0 0e+0 0e+0 -1.125e+0 -1.5795454545454546e+0 4.545454545454546e-1 5.888429752066117e-4
4.8484848484848486e-1 -1.125e+0 4.8484848484848486e-1 -6.134067952249771e-4 -2.974093552605949e-4 -1.125e+0 1.0842021724855044e-19 -1.2197274440461925e-19 -1.125e+0 -1.6098484848484849e+0 4.8484848484848486e-1 6.134067952249771e-4
5.151515151515151e-1 -1.125e+0 5.151515151515151e-1 -6.361340679522498e-4 -3.277054289450984e-4 -1.125e+0 1.0842021724855044e-19 -1.2197274440461925e-19 -1.125e+0 -1.6401515151515151e+0 5.151515151515151e-1 6.361340679522497e-4
5.454545454545454e-1 -1.125e+0 5.454545454545454e-1 -6.570247933884296e-4 -3.5837716003005247e-4 -1.125e+0 -1.0842021724855044e-19 1.2197274440461925e-19 -1.125e+0 -1.6704545454545454e+0 5.454545454545454e-1 6.570247933884298e-4
5.757575757575758e-1 -1.125e+0 5.757575757575758e-1 -6.760789715335173e-4 -3.89257589670813e-4 -1.125e+0 1.0842021724855044e-19 -1.2197274440461925e-19 -1.125e+0 -1.7007575757575757e+0 5.757575757575757e-1 6.760789715335169e-4
6.060606060606061e-1 -1.125e+0 6.060606060606061e-1 -6.932966023875115e-4 -4.201797590227343e-4 -1.125e+0 0e+0 0e+0 -1.125e+0 -1.731060606060606e+0 6.06060606060606e-1 6.932966023875114e-4
6.363636363636364e-1 -1.125e+0 6.363636363636364e-1 -7.086776859504133e-4 -4.509767092411721e-4 -1.125e+0 1.0842021724855044e-19 -1.2197274440461925e-19 -1.125e+0 -1.7613636363636362e+0 6.363636363636362e-1 7.086776859504132e-4
6.666666666666667e-1 -1.125e+0 6.666666666666667e-1 -7.222222222222224e-4 -4.8148148148148166e-4 -1.125e+0 0e+0 0e+0 -1.125e+0 -1.7916666666666667e+0 6.666666666666667e-1 7.222222222222223e-4
6.96969696969697e-1 -1.125e+0 6.96969696969697e-1 -7.339302112029386e-4 -5.115271168990179e-4 -1.125e+0 -5.421010862427522e-20 6.098637220230962e-20 -1.125e+0 -1.821969696969697e+0 6.96969696969697e-1 7.339302112029384e-4
7.272727272727273e-1 -1.125e+0 7.272727272727273e-1 -7.438016528925617e-4 -5.409466566491358e-4 -1.125e+0 0e+0 0e+0 -1.125e+0 -1.8522727272727273e+0 7.272727272727273e-1 7.43801652892562e-4
7.575757575757576e-1 -1.125e+0 7.575757575757576e-1 -7.518365472910925e-4 -5.695731418871913e-4 -1.125e+0 0e+0 0e+0 -1.125e+0 -1.8825757575757576e+0 7.575757575757576e-1 7.518365472910927e-4
7.878787878787878e-1 -1.125e+0 7.878787878787878e-1 -7.580348943985306e-4 -5.972396137685392e-4 -1.125e+0 2.710505431213761e-20 -3.049318610115481e-20 -1.125e+0 -1.9128787878787878e+0 7.878787878787878e-1 7.580348943985307e-4
8.181818181818182e-1 -1.125e+0 8.181818181818182e-1 -7.623966942148762e-4 -6.23779113448535e-4 -1.125e+0 0e+0 0e+0 -1.125e+0 -1.9431818181818183e+0 8.181818181818183e-1 7.62396694214876e-4
8.484848484848485e-1 -1.125e+0 8.484848484848485e-1 -7.649219467401286e-4 -6.490246820825334e-4 -1.125e+0 0e+0 0e+0 -1.125e+0 -1.9734848484848486e+0 8.484848484848486e-1 7.649219467401286e-4
8.787878787878788e-1 -1.125e+0 8.787878787878788e-1 -7.656249999999998e-4 -6.728219696969695e-4 -1.125e+0 0e+0 0e+0 -1.125e+0 -2.003787878787879e+0 8.787878787878789e-1 7.65625e-4
9.090909090909092e-1 -1.125e+0 9.090909090909092e-1 -7.656249999999998e-4 -6.960227272727272e-4 -1.125e+0 0e+0 0e+0 -1.125e+0 -2.034090909090909e+0 9.090909090909092e-1 7.65625e-4
9.393939393939394e-1 -1.125e+0 9.393939393939394e-1 -7.656249999999998e-4 -7.192234848484847e-4 -1.125e+0 0e+0 0e+0 -1.125e+0 -2.0643939393939394e+0 9.393939393939394e-1 7.65625e-4
9.696969696969697e-1 -1.125e+0 9.696969696969697e-1 -7.656249999999998e-4 -7.424242424242422e-4 -1.125e+0 0e+0 0e+0 -1.125e+0 -2.0946969696969697e+0 9.696969696969697e-1 7.65625e-4
1e+0 -1.125e+0 1e+0 -7.656249999999998e-4 -7.656249999999998e-4 -1.125e+0 0e+0 0e+0 -1.125e+0 -2.125e+0 1e+0 7.65625e-4
1.0303030303030303e+0 -1.125e+0 1.0303030303030303e+0 -7.656249999999998e-4 -7.888257575757574e-4 -1.125e+0 0e+0 0e+0 -1.125e+0 -2.1553030303030303e+0 1.0303030303030303e+0 7.65625e-4
1.0606060606060606e+0 -1.125e+0 1.0606060606060606e+0 -7.656249999999998e-4 -8.12026515151515e-4 -1.125e+0 0e+0 0e+0 -1.125e+0 -2.1856060606060606e+0 1.0606060606060606e+0 7.65625e-4
1.0909090909090908e+0 -1.125e+0 1.0909090909090908e+0 -7.656249999999998e-4 -8.352272727272724e-4 -1.125e+0 0e+0 0e+0 -1.125e+0 -2.215909090909091e+0 1.0909090909090908e+0 7.65625e-4
1.1212121212121213e+0 -1.125e+0 1.1212121212121213e+0 -7.656249999999998e-4 -8.584280303030302e-4 -1.125e+0 0e+0 0e+0 -1.125e+0 -2.246212121212121e+0 1.121212121212121e+0 7.65625e-4
1.1515151515151516e+0 -1.125e+0 1.1515151515151516e+0 -7.656249999999998e-4 -8.816287878787877e-4 -1.125e+0 0e+0 0e+0 -1.125e+0 -2.2765151515151514e+0 1.1515151515151514e+0 7.65625e-4
1.1818181818181819e+0 -1.125e+0 1.1818181818181819e+0 -7.656249999999998e-4 -9.048295454545453e-4 -1.125e+0 0e+0 0e+0 -1.125e+0 -2.3068181818181817e+0 1.1818181818181817e+0 7.65625e-4
1.2121212121212122e+0 -1.125e+0 1.2121212121212122e+0 -7.656249999999998e-4 -9.280303030303028e-4 -1.125e+0 0e+0 0e+0 -1.125e+0 -2.337121212121212e+0 1.212121212121212e+0 7.65625e-4
1.2424242424242424e+0 -1.125e+0 1.2424242424242424e+0 -7.656249999999998e-4 -9.512310606060604e-4 -1.125e+0 0e+0 0e+0 -1.125e+0 -2.367424242424242e+0 1.2424242424242422e+0 7.65625e-4
1.2727272727272727e+0 -1.125e+0 1.2727272727272727e+0 -7.656249999999998e-4 -9.74431818181818e-4 -1.125e+0 0e+0 0e+0 -1.125e+0 -2.3977272727272725e+0 1.2727272727272725e+0 7.65625e-4
1.303030303030303e+0 -1.125e+0 1.303030303030303e+0 -7.656249999999998e-4 -9.976325757575755e-4 -1.125e+0 0e+0 0e+0 -1.125e+0 -2.4280303030303028e+0 1.3030303030303028e+0 7.65625e-4
1.3333333333333335e+0 -1.125e+0 1.3333333333333335e+0 -7.656249999999998e-4 -1.0208333333333332e-3 -1.125e+0 0e+0 0e+0 -1.125e+0 -2.4583333333333335e+0 1.3333333333333335e+0 7.65625e-4
1.3636363636363638e+0 -1.125e+0 1.3636363636363638e+0 -7.656249999999998e-4 -1.0440340909090907e-3 -1.125e+0 0e+0 0e+0 -1.125e+0 -2.4886363636363638e+0 1.3636363636363638e+0 7.65625e-4
1.393939393939394e+0 -1.125e+0 1.393939393939394e+0 -7.656249999999998e-4 -1.0672348484848484e-3 -1.125e+0 0e+0 0e+0 -1.125e+0 -2.518939393939394e+0 1.393939393939394e+0 7.65625e-4
1.4242424242424243e+0 -1.125e+0 1.4242424242424243e+0 -7.656249999999998e-4 -1.0904356060606058e-3 -1.125e+0 0e+0 0e+0 -1.125e+0 -2.5492424242424243e+0 1.4242424242424243e+0 7.65625e-4
1.4545454545454546e+0 -1.125e+0 1.4545454545454546e+0 -7.656249999999998e-4 -1.1136363636363633e-3 -1.125e+0 0e+0 0e+0 -1.125e+0 -2.5795454545454546e+0 1.4545454545454546e+0 7.65625e-4
1.4848484848484849e+0 -1.125e+0 1.4848484848484849e+0 -7.656249999999998e-4 -1.136837121212121e-3 -1.125e+0 0e+0 0e+0 -1.125e+0 -2.609848484848485e+0 1.4848484848484849e+0 7.65625e-4
1.5151515151515151e+0 -1.125e+0 1.5151515151515151e+0 -7.656249999999998e-4 -1.1600378787878785e-3 -1.125e+0 0e+0 0e+0 -1.125e+0 -2.640151515151515e+0 1.5151515151515151e+0 7.65625e-4
1.5454545454545454e+0 -1.125e+0 1.5454545454545454e+0 -7.656249999999998e-4 -1.1832386363636361e-3 -1.125e+0 0e+0 0e+0 -1.125e+0 -2.6704545454545454e+0 1.5454545454545454e+0 7.65625e-4
1.5757575757575757e+0 -1.125e+0 1.5757575757575757e+0 -7.656249999999998e-4 -1.2064393939393936e-3 -1.125e+0 0e+0 0e+0 -1.125e+0 -2.7007575757575757e+0 1.5757575757575757e+0 7.65625e-4
1.6060606060606062e+0 -1.125e+0 1.6060606060606062e+0 -7.656249999999998e-4 -1.2296401515151513e-3 -1.125e+0 0e+0 0e+0 -1.125e+0 -2.7310606060606064e+0 1.6060606060606064e+0 7.65625e-4
1.6363636363636365e+0 -1.125e+0 1.6363636363636365e+0 -7.656249999999998e-4 -1.252840909090909e-3 -1.125e+0 0e+0 0e+0 -1.125e+0 -2.7613636363636367e+0 1.6363636363636367e+0 7.65625e-4
1.6666666666666667e+0 -1.125e+0 1.6666666666666667e+0 -7.656249999999998e-4 -1.2760416666666664e-3 -1.125e+0 0e+0 0e+0 -1.125e+0 -2.791666666666667e+0 1.666666666666667e+0 7.65625e-4
1.696969696969697e+0 -1.125e+0 1.696969696969697e+0 -7.656249999999998e-4 -1.299242424242424e-3 -1.125e+0 0e+0 0e+0 -1.125e+0 -2.8219696969696972e+0 1.6969696969696972e+0 7.65625e-4
1.7272727272727273e+0 -1.125e+0 1.7272727272727273e+0 -7.656249999999998e-4 -1.3224431818181816e-3 -1.125e+0 0e+0 0e+0 -1.125e+0 -2.8522727272727275e+0 1.7272727272727275e+0 7.65625e-4
1.7575757575757576e+0 -1.125e+0 1.7575757575757576e+0 -7.656249999999998e-4 -1.345643939393939e-3 -1.125e+0 0e+0 0e+0 -1.125e+0 -2.882575757575758e+0 1.7575757575757578e+0 7.65625e-4
1.7878787878787878e+0 -1.125e+0 1.7878787878787878e+0 -7.656249999999998e-4 -1.3688446969696965e-3 -1.125e+0 0e+0 0e+0 -1.125e+0 -2.912878787878788e+0 1.787878787878788e+0 7.65625e-4
1.8181818181818183e+0 -1.125e+0 1.8181818181818183e+0 -7.656249999999998e-4 -1.3920454545454544e-3 -1.125e+0 0e+0 0e+0 -1.125e+0 -2.9431818181818183e+0 1.8181818181818183e+0 7.65625e-4
1.8484848484848486e+0 -1.125e+0 1.8484848484848486e+0 -7.656249999999998e-4 -1.4152462121212119e-3 -1.125e+0 0e+0 0e+0 -1.125e+0 -2.9734848484848486e+0 1.8484848484848486e+0 7.65625e-4
1.878787878787879e+0 -1.125e+0 1.878787878787879e+0 -7.656249999999998e-4 -1.4384469696969693e-3 -1.125e+0 0e+0 0e+0 -1.125e+0 -3.003787878787879e+0 1.878787878787879e+0 7.65625e-4
1.9090909090909092e+0 -1.125e+0 1.9090909090909092e+0 -7.656249999999998e-4 -1.461647727272727e-3 -1.125e+0 0e+0 0e+0 -1.125e+0 -3.034090909090909e+0 1.9090909090909092e+0 7.65625e-4
1.9393939393939394e+0 -1.125e+0 1.9393939393939394e+0 -7.656249999999998e-4 -1.4848484848484845e-3 -1.125e+0 0e+0 0e+0 -1.125e+0 -3.0643939393939394e+0 1.9393939393939394e+0 7.65625e-4
1.9696969696969697e+0 -1.125e+0 1.9696969696969697e+0 -7.656249999999998e-4 -1.5080492424242422e-3 -1.125e+0 0e+0 0e+0 -1.125e+0 -3.0946969696969697e+0 1.9696969696969697e+0 7.65625e-4
2e+0 -1.125e+0 2e+0 -7.656249999999998e-4 -1.5312499999999996e-3 -1.125e+0 0e+0 0e+0 -1.125e+0 -3.125e+0 2e+0 7.65625e-4
2.0303030303030303e+0 -1.125e+0 2.0303030303030303e+0 -7.656249999999998e-4 -1.554450757575757e-3 -1.125e+0 0e+0 0e+0 -1.125e+0 -3.1553030303030303e+0 2.0303030303030303e+0 7.65625e-4
2.0606060606060606e+0 -1.125e+0 2.0606060606060606e+0 -7.656249999999998e-4 -1.5776515151515148e-3 -1.125e+0 0e+0 0e+0 -1.125e+0 -3.1856060606060606e+0 2.0606060606060606e+0 7.65625e-4
2.090909090909091e+0 -1.125e+0 2.090909090909091e+0 -7.656249999999998e-4 -1.6008522727272722e-3 -1.125e+0 0e+0 0e+0 -1.125e+0 -3.215909090909091e+0 2.090909090909091e+0 7.65625e-4
2.121212121212121e+0 -1.125e+0 2.121212121212121e+0 -7.656249999999998e-4 -1.62405303030303e-3 -1.125e+0 0e+0 0e+0 -1.125e+0 -3.246212121212121e+0 2.121212121212121e+0 7.65625e-4
2.1515151515151514e+0 -1.125e+0 2.1515151515151514e+0 -7.656249999999998e-4 -1.6472537878787874e-3 -1.125e+0 0e+0 0e+0 -1.125e+0 -3.2765151515151514e+0 2.1515151515151514e+0 7.65625e-4
2.1818181818181817e+0 -1.125e+0 2.1818181818181817e+0 -7.656249999999998e-4 -1.6704545454545448e-3 -1.125e+0 0e+0 0e+0 -1.125e+0 -3.3068181818181817e+0 2.1818181818181817e+0 7.65625e-4
2.2121212121212124e+0 -1.125e+0 2.2121212121212124e+0 -7.656249999999998e-4 -1.6936553030303027e-3 -1.125e+0 0e+0 0e+0 -1.125e+0 -3.3371212121212124e+0 2.2121212121212124e+0 7.65625e-4
2.2424242424242427e+0 -1.125e+0 2.2424242424242427e+0 -7.656249999999998e-4 -1.7168560606060604e-3 -1.125e+0 0e+0 0e+0 -1.125e+0 -3.3674242424242427e+0 2.2424242424242427e+0 7.65625e-4
2.272727272727273e+0 -1.125e+0 2.272727272727273e+0 -7.656249999999998e-4 -1.740056818181818e-3 -1.125e+0 0e+0 0e+0 -1.125e+0 -3.397727272727273e+0 2.272727272727273e+0 7.65625e-4
2.303030303030303e+0 -1.125e+0 2.303030303030303e+0 -7.656249999999998e-4 -1.7632575757575754e-3 -1.125e+0 0e+0 0e+0 -1.125e+0 -3.428030303030303e+0 2.303030303030303e+0 7.65625e-4
2.3333333333333335e+0 -1.125e+0 2.3333333333333335e+0 -7.656249999999998e-4 -1.786458333333333e-3 -1.125e+0 0e+0 0e+0 -1.125e+0 -3.4583333333333335e+0 2.3333333333333335e+0 7.65625e-4
2.3636363636363638e+0 -1.125e+0 2.3636363636363638e+0 -7.656249999999998e-4 -1.8096590909090905e-3 -1.125e+0 0e+0 0e+0 -1.125e+0 -3.4886363636363638e+0 2.3636363636363638e+0 7.65625e-4
2.393939393939394e+0 -1.125e+0 2.393939393939394e+0 -7.656249999999998e-4 -1.8328598484848482e-3 -1.125e+0 0e+0 0e+0 -1.125e+0 -3.518939393939394e+0 2.393939393939394e+0 7.65625e-4
2.4242424242424243e+0 -1.125e+0 2.4242424242424243e+0 -7.656249999999998e-4 -1.8560606060606057e-3 -1.125e+0 0e+0 0e+0 -1.125e+0 -3.5492424242424243e+0 2.4242424242424243e+0 7.65625e-4
2.4545454545454546e+0 -1.125e+0 2.4545454545454546e+0 -7.656249999999998e-4 -1.8792613636363631e-3 -1.125e+0 0e+0 0e+0 -1.125e+0 -3.5795454545454546e+0 2.4545454545454546e+0 7.65625e-4
2.484848484848485e+0 -1.125e+0 2.484848484848485e+0 -7.656249999999998e-4 -1.9024621212121208e-3 -1.125e+0 0e+0 0e+0 -1.125e+0 -3.609848484848485e+0 2.484848484848485e+0 7.65625e-4
2.515151515151515e+0 -1.125e+0 2.515151515151515e+0 -7.656249999999998e-4 -1.9256628787878783e-3 -1.125e+0 0e+0 0e+0 -1.125e+0 -3.640151515151515e+0 2.515151515151515e+0 7.65625e-4
2.5454545454545454e+0 -1.125e+0 2.5454545454545454e+0 -7.656249999999998e-4 -1.948863636363636e-3 -1.125e+0 0e+0 0e+0 -1.125e+0 -3.6704545454545454e+0 2.5454545454545454e+0 7.65625e-4
2.5757575757575757e+0 -1.125e+0 2.5757575757575757e+0 -7.656249999999998e-4 -1.972064393939393e-3 -1.125e+0 0e+0 0e+0 -1.125e+0 -3.7007575757575757e+0 2.5757575757575757e+0 7.65625e-4
2.606060606060606e+0 -1.125e+0 2.606060606060606e+0 -7.656249999999998e-4 -1.995265151515151e-3 -1.125e+0 0e+0 0e+0 -1.125e+0 -3.731060606060606e+0 2.606060606060606e+0 7.65625e-4
2.6363636363636362e+0 -1.125e+0 2.6363636363636362e+0 -7.656249999999998e-4 -2.0184659090909086e-3 -1.125e+0 0e+0 0e+0 -1.125e+0 -3.7613636363636362e+0 2.6363636363636362e+0 7.65625e-4
2.666666666666667e+0 -1.125e+0 2.666666666666667e+0 -7.656249999999998e-4 -2.0416666666666665e-3 -1.125e+0 0e+0 0e+0 -1.125e+0 -3.791666666666667e+0 2.666666666666667e+0 7.65625e-4
2.6969696969696972e+0 -1.125e+0 2.6969696969696972e+0 -7.656249999999998e-4 -2.064867424242424e-3 -1.125e+0 0e+0 0e+0 -1.125e+0 -3.8219696969696972e+0 2.6969696969696972e+0 7.65625e-4
2.7272727272727275e+0 -1.125e+0 2.7272727272727275e+0 -7.656249999999998e-4 -2.0880681818181814e-3 -1.125e+0 0e+0 0e+0 -1.125e+0 -3.8522727272727275e+0 2.7272727272727275e+0 7.65625e-4
2.757575757575758e+0 -1.125e+0 2.757575757575758e+0 -7.656249999999998e-4 -2.111268939393939e-3 -1.125e+0 0e+0 0e+0 -1.125e+0 -3.882575757575758e+0 2.757575757575758e+0 7.65625e-4
2.787878787878788e+0 -1.125e+0 2.787878787878788e+0 -7.656249999999998e-4 -2.1344696969696967e-3 -1.125e+0 0e+0 0e+0 -1.125e+0 -3.912878787878788e+0 2.787878787878788e+0 7.65625e-4
2.8181818181818183e+0 -1.125e+0 2.8181818181818183e+0 -7.656249999999998e-4 -2.157670454545454e-3 -1.125e+0 0e+0 0e+0 -1.125e+0 -3.9431818181818183e+0 2.8181818181818183e+0 7.65625e-4
2.8484848484848486e+0 -1.125e+0 2.8484848484848486e+0 -7.656249999999998e-4 -2.1808712121212117e-3 -1.125e+0 0e+0 0e+0 -1.125e+0 -3.9734848484848486e+0 2.8484848484848486e+0 7.65625e-4
2.878787878787879e+0 -1.125e+0 2.878787878787879e+0 -7.656249999999998e-4 -2.204071969696969e-3 -1.125e+0 0e+0 0e+0 -1.125e+0 -4.003787878787879e+0 2.878787878787879e+0 7.65625e-4
2.909090909090909e+0 -1.125e+0 2.909090909090909e+0 -7.656249999999998e-4 -2.2272727272727266e-3 -1.125e+0 0e+0 0e+0 -1.125e+0 -4.034090909090909e+0 2.909090909090909e+0 7.65625e-4
2.9393939393939394e+0 -1.125e+0 2.9393939393939394e+0 -7.656249999999998e-4 -2.2504734848484845e-3 -1.125e+0 0e+0 0e+0 -1.125e+0 -4.0643939393939394e+0 2.9393939393939394e+0 7.65625e-4
2.9696969696969697e+0 -1.125e+0 2.9696969696969697e+0 -7.656249999999998e-4 -2.273674242424242e-3 -1.125e+0 0e+0 0e+0 -1.125e+0 -4.09469696969697e+0 2.9696969696969697e+0 7.65625e-4
3e+0 -1.125e+0 3e+0 -7.656249999999998e-4 -2.2968749999999994e-3 -1.125e+0 0e+0 0e+0 -1.125e+0 -4.125e+0 3e+0 7.65625e-4


"Vgs:V=-750m"
0e+0 -7.5e-1 0e+0 0e+0 0e+0 -7.5e-1 0e+0 0e+0 -7.5e-1 -7.5e-1 0e+0 0e+0
3.0303030303030304e-2 -7.5e-1 3.0303030303030304e-2 -7.483930211202934e-5 -2.267857639758465e-6 -7.5e-1 2.168404344971009e-19 -1.6263032587282567e-19 -7.5e-1 -7.803030303030303e-1 3.0303030303030276e-2 7.483930211202932e-5
6.060606060606061e-2 -7.5e-1 6.060606060606061e-2 -1.4784205693296618e-4 -8.960124662604011e-6 -7.5e-1 0e+0 0e+0 -7.5e-1 -8.106060606060606e-1 6.060606060606055e-2 1.4784205693296588e-4
9.090909090909091e-2 -7.5e-1 9.090909090909091e-2 -2.1900826446280986e-4 -1.9909842223891806e-5 -7.5e-1 -2.168404344971009e-19 1.6263032587282567e-19 -7.5e-1 -8.409090909090909e-1 9.090909090909094e-2 2.1900826446281e-4
1.2121212121212122e-1 -7.5e-1 1.2121212121212122e-1 -2.8833792470156147e-4 -3.495005147897715e-5 -7.5e-1 0e+0 0e+0 -7.5e-1 -8.712121212121212e-1 1.2121212121212122e-1 2.883379247015611e-4
1.5151515151515152e-1 -7.5e-1 1.5151515151515152e-1 -3.558310376492199e-4 -5.3913793583215143e-5 -7.5e-1 2.168404344971009e-19 -1.6263032587282567e-19 -7.5e-1 -9.015151515151515e-1 1.515151515151515e-1 3.5583103764921944e-4
1.8181818181818182e-1 -7.5e-1 1.8181818181818182e-1 -4.214876033057852e-4 -7.663410969196096e-5 -7.5e-1 0e+0 0e+0 -7.5e-1 -9.318181818181819e-1 1.8181818181818188e-1 4.2148760330578533e-4
2.1212121212121213e-1 -7.5e-1 2.1212121212121213e-1 -4.8530762167125823e-4 -1.0294404096056993e-4 -7.5e-1 0e+0 0e+0 -7.5e-1 -9.621212121212122e-1 2.1212121212121215e-1 4.853076216712581e-4
2.4242424242424243e-1 -7.5e-1 2.4242424242424243e-1 -5.472910927456385e-4 -1.3267662854439722e-4 -7.5e-1 4.336808689942018e-19 -3.2526065174565133e-19 -7.5e-1 -9.924242424242424e-1 2.4242424242424243e-1 5.472910927456383e-4
2.727272727272727e-1 -7.5e-1 2.727272727272727e-1 -6.074380165289257e-4 -1.656649135987979e-4 -7.5e-1 2.168404344971009e-19 -1.6263032587282567e-19 -7.5e-1 -1.0227272727272727e+0 2.727272727272727e-1 6.074380165289257e-4
3.0303030303030304e-1 -7.5e-1 3.0303030303030304e-1 -6.657483930211204e-4 -2.017419372791274e-4 -7.5e-1 0e+0 0e+0 -7.5e-1 -1.053030303030303e+0 3.03030303030303e-1 6.657483930211203e-4
3.3333333333333337e-1 -7.5e-1 3.3333333333333337e-1 -7.222222222222219e-4 -2.4074074074074064e-4 -7.5e-1 -2.168404344971009e-19 1.6263032587282567e-19 -7.5e-1 -1.0833333333333335e+0 3.333333333333335e-1 7.222222222222225e-4
3.6363636363636365e-1 -7.5e-1 3.6363636363636365e-1 -7.768595041322315e-4 -2.8249436513899326e-4 -7.5e-1 -2.168404344971009e-19 1.6263032587282567e-19 -7.5e-1 -1.1136363636363638e+0 3.6363636363636376e-1 7.768595041322317e-4
3.939393939393939e-1 -7.5e-1 3.939393939393939e-1 -8.296602387511479e-4 -3.268358516292401e-4 -7.5e-1 0e+0 0e+0 -7.5e-1 -1.143939393939394e+0 3.9393939393939403e-1 8.296602387511479e-4
4.2424242424242425e-1 -7.5e-1 4.2424242424242425e-1 -8.806244260789716e-4 -3.7359824136683645e-4 -7.5e-1 0e+0 0e+0 -7.5e-1 -1.1742424242424243e+0 4.242424242424243e-1 8.806244260789717e-4
4.545454545454546e-1 -7.5e-1 4.545454545454546e-1 -9.297520661157025e-4 -4.226145755071375e-4 -7.5e-1 0e+0 0e+0 -7.5e-1 -1.2045454545454546e+0 4.545454545454546e-1 9.297520661157026e-4
4.8484848484848486e-1 -7.5e-1 4.8484848484848486e-1 -9.770431588613407e-4 -4.737178952054985e-4 -7.5e-1 0e+0 0e+0 -7.5e-1 -1.2348484848484849e+0 4.8484848484848486e-1 9.770431588613407e-4
5.151515151515151e-1 -7.5e-1 5.151515151515151e-1 -1.0224977043158862e-3 -5.267412416172747e-4 -7.5e-1 0e+0 0e+0 -7.5e-1 -1.2651515151515151e+0 5.151515151515151e-1 1.022497704315886e-3
5.454545454545454e-1 -7.5e-1 5.454545454545454e-1 -1.0661157024793389e-3 -5.815176558978211e-4 -7.5e-1 0e+0 0e+0 -7.5e-1 -1.2954545454545454e+0 5.454545454545454e-1 1.0661157024793389e-3
5.757575757575758e-1 -7.5e-1 5.757575757575758e-1 -1.107897153351699e-3 -6.378801792024934e-4 -7.5e-1 2.168404344971009e-19 -1.6263032587282567e-19 -7.5e-1 -1.3257575757575757e+0 5.757575757575757e-1 1.1078971533516988e-3
6.060606060606061e-1 -7.5e-1 6.060606060606061e-1 -1.1478420569329658e-3 -6.95661852686646e-4 -7.5e-1 0e+0 0e+0 -7.5e-1 -1.356060606060606e+0 6.06060606060606e-1 1.1478420569329658e-3
6.363636363636364e-1 -7.5e-1 6.363636363636364e-1 -1.1859504132231405e-3 -7.546957175056349e-4 -7.5e-1 1.0842021724855044e-19 -8.131516293641283e-20 -7.5e-1 -1.3863636363636362e+0 6.363636363636362e-1 1.1859504132231405e-3
6.666666666666667e-1 -7.5e-1 6.666666666666667e-1 -1.2222222222222222e-3 -8.148148148148149e-4 -7.5e-1 -1.0842021724855044e-19 8.131516293641283e-20 -7.5e-1 -1.4166666666666667e+0 6.666666666666667e-1 1.2222222222222224e-3
6.96969696969697e-1 -7.5e-1 6.96969696969697e-1 -1.2566574839302114e-3 -8.758521857695413e-4 -7.5e-1 0e+0 0e+0 -7.5e-1 -1.446969696969697e+0 6.96969696969697e-1 1.2566574839302112e-3
7.272727272727273e-1 -7.5e-1 7.272727272727273e-1 -1.2892561983471075e-3 -9.376408715251691e-4 -7.5e-1 0e+0 0e+0 -7.5e-1 -1.4772727272727273e+0 7.272727272727273e-1 1.2892561983471075e-3
7.575757575757576e-1 -7.5e-1 7.575757575757576e-1 -1.3200183654729107e-3 -1.0000139132370536e-3 -7.5e-1 -1.0842021724855044e-19 8.131516293641283e-20 -7.5e-1 -1.5075757575757576e+0 7.575757575757576e-1 1.320018365472911e-3
7.878787878787878e-1 -7.5e-1 7.878787878787878e-1 -1.3489439853076215e-3 -1.0628043520605503e-3 -7.5e-1 0e+0 0e+0 -7.5e-1 -1.5378787878787878e+0 7.878787878787878e-1 1.3489439853076215e-3
8.181818181818182e-1 -7.5e-1 8.181818181818182e-1 -1.3760330578512399e-3 -1.1258452291510145e-3 -7.5e-1 -1.0842021724855044e-19 8.131516293641283e-20 -7.5e-1 -1.5681818181818183e+0 8.181818181818183e-1 1.3760330578512399e-3
8.484848484848485e-1 -7.5e-1 8.484848484848485e-1 -1.4012855831037653e-3 -1.1889695856638009e-3 -7.5e-1 0e+0 0e+0 -7.5e-1 -1.5984848484848486e+0 8.484848484848486e-1 1.401285583103765e-3
8.787878787878788e-1 -7.5e-1 8.787878787878788e-1 -1.424701561065197e-3 -1.252010462754264e-3 -7.5e-1 -1.0842021724855044e-19 8.131516293641283e-20 -7.5e-1 -1.628787878787879e+0 8.787878787878789e-1 1.4247015610651976e-3
9.090909090909092e-1 -7.5e-1 9.090909090909092e-1 -1.4462809917355373e-3 -1.3148009015777613e-3 -7.5e-1 0e+0 0e+0 -7.5e-1 -1.6590909090909092e+0 9.090909090909092e-1 1.4462809917355373e-3
9.393939393939394e-1 -7.5e-1 9.393939393939394e-1 -1.4660238751147843e-3 -1.377173943289646e-3 -7.5e-1 0e+0 0e+0 -7.5e-1 -1.6893939393939394e+0 9.393939393939394e-1 1.4660238751147841e-3
9.696969696969697e-1 -7.5e-1 9.696969696969697e-1 -1.4839302112029389e-3 -1.438962629045274e-3 -7.5e-1 1.0842021724855044e-19 -8.131516293641283e-20 -7.5e-1 -1.7196969696969697e+0 9.696969696969697e-1 1.4839302112029387e-3
1e+0 -7.5e-1 1e+0 -1.5e-3 -1.5e-3 -7.5e-1 0e+0 0e+0 -7.5e-1 -1.75e+0 1e+0 1.5e-3
1.0303030303030303e+0 -7.5e-1 1.0303030303030303e+0 -1.5142332415059682e-3 -1.5601190973091794e-3 -7.5e-1 0e+0 0e+0 -7.5e-1 -1.7803030303030303e+0 1.0303030303030303e+0 1.5142332415059687e-3
1.0606060606060606e+0 -7.5e-1 1.0606060606060606e+0 -1.5266299357208448e-3 -1.6191529621281686e-3 -7.5e-1 0e+0 0e+0 -7.5e-1 -1.8106060606060606e+0 1.0606060606060606e+0 1.5266299357208446e-3
1.0909090909090908e+0 -7.5e-1 1.0909090909090908e+0 -1.537190082644628e-3 -1.6769346356123214e-3 -7.5e-1 5.421010862427522e-20 -4.0657581468206416e-20 -7.5e-1 -1.8409090909090908e+0 1.0909090909090908e+0 1.5371900826446282e-3
1.1212121212121213e+0 -7.5e-1 1.1212121212121213e+0 -1.5459136822773183e-3 -1.7332971589169935e-3 -7.5e-1 -2.710505431213761e-20 2.0328790734103208e-20 -7.5e-1 -1.8712121212121213e+0 1.1212121212121213e+0 1.5459136822773187e-3
1.1515151515151516e+0 -7.5e-1 1.1515151515151516e+0 -1.5528007346189165e-3 -1.7880735731975403e-3 -7.5e-1 0e+0 0e+0 -7.5e-1 -1.9015151515151516e+0 1.1515151515151516e+0 1.5528007346189165e-3
1.1818181818181819e+0 -7.5e-1 1.1818181818181819e+0 -1.5578512396694217e-3 -1.8410969196093166e-3 -7.5e-1 -1.3552527156068805e-20 1.0164395367051604e-20 -7.5e-1 -1.9318181818181819e+0 1.1818181818181819e+0 1.5578512396694215e-3
1.2121212121212122e+0 -7.5e-1 1.2121212121212122e+0 -1.5610651974288336e-3 -1.892200239307677e-3 -7.5e-1 0e+0 0e+0 -7.5e-1 -1.9621212121212122e+0 1.2121212121212122e+0 1.5610651974288339e-3
1.2424242424242424e+0 -7.5e-1 1.2424242424242424e+0 -1.562442607897153e-3 -1.941216573447978e-3 -7.5e-1 -3.3881317890172014e-21 2.541098841762901e-21 -7.5e-1 -1.9924242424242424e+0 1.2424242424242424e+0 1.5624426078971532e-3
1.2727272727272727e+0 -7.5e-1 1.2727272727272727e+0 -1.5625e-3 -1.988636363636364e-3 -7.5e-1 0e+0 0e+0 -7.5e-1 -2.0227272727272725e+0 1.2727272727272725e+0 1.5625e-3
1.303030303030303e+0 -7.5e-1 1.303030303030303e+0 -1.5625e-3 -2.0359848484848486e-3 -7.5e-1 0e+0 0e+0 -7.5e-1 -2.0530303030303028e+0 1.3030303030303028e+0 1.5625e-3
1.3333333333333335e+0 -7.5e-1 1.3333333333333335e+0 -1.5625e-3 -2.0833333333333337e-3 -7.5e-1 0e+0 0e+0 -7.5e-1 -2.0833333333333335e+0 1.3333333333333335e+0 1.5625e-3
1.3636363636363638e+0 -7.5e-1 1.3636363636363638e+0 -1.5625e-3 -2.1306818181818185e-3 -7.5e-1 0e+0 0e+0 -7.5e-1 -2.1136363636363638e+0 1.3636363636363638e+0 1.5625e-3
1.393939393939394e+0 -7.5e-1 1.393939393939394e+0 -1.5625e-3 -2.178030303030303e-3 -7.5e-1 0e+0 0e+0 -7.5e-1 -2.143939393939394e+0 1.393939393939394e+0 1.5625e-3
1.4242424242424243e+0 -7.5e-1 1.4242424242424243e+0 -1.5625e-3 -2.225378787878788e-3 -7.5e-1 0e+0 0e+0 -7.5e-1 -2.1742424242424243e+0 1.4242424242424243e+0 1.5625e-3
1.4545454545454546e+0 -7.5e-1 1.4545454545454546e+0 -1.5625e-3 -2.272727272727273e-3 -7.5e-1 0e+0 0e+0 -7.5e-1 -2.2045454545454546e+0 1.4545454545454546e+0 1.5625e-3
1.4848484848484849e+0 -7.5e-1 1.4848484848484849e+0 -1.5625e-3 -2.3200757575757578e-3 -7.5e-1 0e+0 0e+0 -7.5e-1 -2.234848484848485e+0 1.4848484848484849e+0 1.5625e-3
1.5151515151515151e+0 -7.5e-1 1.5151515151515151e+0 -1.5625e-3 -2.3674242424242425e-3 -7.5e-1 0e+0 0e+0 -7.5e-1 -2.265151515151515e+0 1.5151515151515151e+0 1.5625e-3
1.5454545454545454e+0 -7.5e-1 1.5454545454545454e+0 -1.5625e-3 -2.414772727272727e-3 -7.5e-1 0e+0 0e+0 -7.5e-1 -2.2954545454545454e+0 1.5454545454545454e+0 1.5625e-3
1.5757575757575757e+0 -7.5e-1 1.5757575757575757e+0 -1.5625e-3 -2.4621212121212124e-3 -7.5e-1 0e+0 0e+0 -7.5e-1 -2.3257575757575757e+0 1.5757575757575757e+0 1.5625e-3
1.6060606060606062e+0 -7.5e-1 1.6060606060606062e+0 -1.5625e-3 -2.5094696969696975e-3 -7.5e-1 0e+0 0e+0 -7.5e-1 -2.3560606060606064e+0 1.6060606060606064e+0 1.5625e-3
1.6363636363636365e+0 -7.5e-1 1.6363636363636365e+0 -1.5625e-3 -2.5568181818181822e-3 -7.5e-1 0e+0 0e+0 -7.5e-1 -2.3863636363636367e+0 1.6363636363636367e+0 1.5625e-3
1.6666666666666667e+0 -7.5e-1 1.6666666666666667e+0 -1.5625e-3 -2.604166666666667e-3 -7.5e-1 0e+0 0e+0 -7.5e-1 -2.416666666666667e+0 1.666666666666667e+0 1.5625e-3
1.696969696969697e+0 -7.5e-1 1.696969696969697e+0 -1.5625e-3 -2.6515151515151517e-3 -7.5e-1 0e+0 0e+0 -7.5e-1 -2.4469696969696972e+0 1.6969696969696972e+0 1.5625e-3
1.7272727272727273e+0 -7.5e-1 1.7272727272727273e+0 -1.5625e-3 -2.6988636363636364e-3 -7.5e-1 0e+0 0e+0 -7.5e-1 -2.4772727272727275e+0 1.7272727272727275e+0 1.5625e-3
1.7575757575757576e+0 -7.5e-1 1.7575757575757576e+0 -1.5625e-3 -2.7462121212121215e-3 -7.5e-1 0e+0 0e+0 -7.5e-1 -2.507575757575758e+0 1.7575757575757578e+0 1.5625e-3
1.7878787878787878e+0 -7.5e-1 1.7878787878787878e+0 -1.5625e-3 -2.7935606060606063e-3 -7.5e-1 0e+0 0e+0 -7.5e-1 -2.537878787878788e+0 1.787878787878788e+0 1.5625e-3
1.8181818181818183e+0 -7.5e-1 1.8181818181818183e+0 -1.5625e-3 -2.8409090909090914e-3 -7.5e-1 0e+0 0e+0 -7.5e-1 -2.5681818181818183e+0 1.8181818181818183e+0 1.5625e-3
1.8484848484848486e+0 -7.5e-1 1.8484848484848486e+0 -1.5625e-3 -2.888257575757576e-3 -7.5e-1 0e+0 0e+0 -7.5e-1 -2.5984848484848486e+0 1.8484848484848486e+0 1.5625e-3
1.878787878787879e+0 -7.5e-1 1.878787878787879e+0 -1.5625e-3 -2.935606060606061e-3 -7.5e-1 0e+0 0e+0 -7.5e-1 -2.628787878787879e+0 1.878787878787879e+0 1.5625e-3
1.9090909090909092e+0 -7.5e-1 1.9090909090909092e+0 -1.5625e-3 -2.9829545454545456e-3 -7.5e-1 0e+0 0e+0 -7.5e-1 -2.659090909090909e+0 1.9090909090909092e+0 1.5625e-3
1.9393939393939394e+0 -7.5e-1 1.9393939393939394e+0 -1.5625e-3 -3.0303030303030307e-3 -7.5e-1 0e+0 0e+0 -7.5e-1 -2.6893939393939394e+0 1.9393939393939394e+0 1.5625e-3
1.9696969696969697e+0 -7.5e-1 1.9696969696969697e+0 -1.5625e-3 -3.0776515151515155e-3 -7.5e-1 0e+0 0e+0 -7.5e-1 -2.7196969696969697e+0 1.9696969696969697e+0 1.5625e-3
2e+0 -7.5e-1 2e+0 -1.5625e-3 -3.125e-3 -7.5e-1 0e+0 0e+0 -7.5e-1 -2.75e+0 2e+0 1.5625e-3
2.0303030303030303e+0 -7.5e-1 2.0303030303030303e+0 -1.5625e-3 -3.172348484848485e-3 -7.5e-1 0e+0 0e+0 -7.5e-1 -2.7803030303030303e+0 2.0303030303030303e+0 1.5625e-3
2.0606060606060606e+0 -7.5e-1 2.0606060606060606e+0 -1.5625e-3 -3.2196969696969696e-3 -7.5e-1 0e+0 0e+0 -7.5e-1 -2.8106060606060606e+0 2.0606060606060606e+0 1.5625e-3
2.090909090909091e+0 -7.5e-1 2.090909090909091e+0 -1.5625e-3 -3.2670454545454548e-3 -7.5e-1 0e+0 0e+0 -7.5e-1 -2.840909090909091e+0 2.090909090909091e+0 1.5625e-3
2.121212121212121e+0 -7.5e-1 2.121212121212121e+0 -1.5625e-3 -3.3143939393939395e-3 -7.5e-1 0e+0 0e+0 -7.5e-1 -2.871212121212121e+0 2.121212121212121e+0 1.5625e-3
2.1515151515151514e+0 -7.5e-1 2.1515151515151514e+0 -1.5625e-3 -3.361742424242424e-3 -7.5e-1 0e+0 0e+0 -7.5e-1 -2.9015151515151514e+0 2.1515151515151514e+0 1.5625e-3
2.1818181818181817e+0 -7.5e-1 2.1818181818181817e+0 -1.5625e-3 -3.409090909090909e-3 -7.5e-1 0e+0 0e+0 -7.5e-1 -2.9318181818181817e+0 2.1818181818181817e+0 1.5625e-3
2.2121212121212124e+0 -7.5e-1 2.2121212121212124e+0 -1.5625e-3 -3.4564393939393945e-3 -7.5e-1 0e+0 0e+0 -7.5e-1 -2.9621212121212124e+0 2.2121212121212124e+0 1.5625e-3
2.2424242424242427e+0 -7.5e-1 2.2424242424242427e+0 -1.5625e-3 -3.5037878787878792e-3 -7.5e-1 0e+0 0e+0 -7.5e-1 -2.9924242424242427e+0 2.2424242424242427e+0 1.5625e-3
2.272727272727273e+0 -7.5e-1 2.272727272727273e+0 -1.5625e-3 -3.551136363636364e-3 -7.5e-1 0e+0 0e+0 -7.5e-1 -3.022727272727273e+0 2.272727272727273e+0 1.5625e-3
2.303030303030303e+0 -7.5e-1 2.303030303030303e+0 -1.5625e-3 -3.598484848484849e-3 -7.5e-1 0e+0 0e+0 -7.5e-1 -3.053030303030303e+0 2.303030303030303e+0 1.5625e-3
2.3333333333333335e+0 -7.5e-1 2.3333333333333335e+0 -1.5625e-3 -3.645833333333334e-3 -7.5e-1 0e+0 0e+0 -7.5e-1 -3.0833333333333335e+0 2.3333333333333335e+0 1.5625e-3
2.3636363636363638e+0 -7.5e-1 2.3636363636363638e+0 -1.5625e-3 -3.6931818181818185e-3 -7.5e-1 0e+0 0e+0 -7.5e-1 -3.1136363636363638e+0 2.3636363636363638e+0 1.5625e-3
2.393939393939394e+0 -7.5e-1 2.393939393939394e+0 -1.5625e-3 -3.7405303030303033e-3 -7.5e-1 0e+0 0e+0 -7.5e-1 -3.143939393939394e+0 2.393939393939394e+0 1.5625e-3
2.4242424242424243e+0 -7.5e-1 2.4242424242424243e+0 -1.5625e-3 -3.787878787878788e-3 -7.5e-1 0e+0 0e+0 -7.5e-1 -3.1742424242424243e+0 2.4242424242424243e+0 1.5625e-3
2.4545454545454546e+0 -7.5e-1 2.4545454545454546e+0 -1.5625e-3 -3.835227272727273e-3 -7.5e-1 0e+0 0e+0 -7.5e-1 -3.2045454545454546e+0 2.4545454545454546e+0 1.5625e-3
2.484848484848485e+0 -7.5e-1 2.484848484848485e+0 -1.5625e-3 -3.882575757575758e-3 -7.5e-1 0e+0 0e+0 -7.5e-1 -3.234848484848485e+0 2.484848484848485e+0 1.5625e-3
2.515151515151515e+0 -7.5e-1 2.515151515151515e+0 -1.5625e-3 -3.929924242424243e-3 -7.5e-1 0e+0 0e+0 -7.5e-1 -3.265151515151515e+0 2.515151515151515e+0 1.5625e-3
2.5454545454545454e+0 -7.5e-1 2.5454545454545454e+0 -1.5625e-3 -3.977272727272728e-3 -7.5e-1 0e+0 0e+0 -7.5e-1 -3.2954545454545454e+0 2.5454545454545454e+0 1.5625e-3
2.5757575757575757e+0 -7.5e-1 2.5757575757575757e+0 -1.5625e-3 -4.024621212121212e-3 -7.5e-1 0e+0 0e+0 -7.5e-1 -3.3257575757575757e+0 2.5757575757575757e+0 1.5625e-3
2.606060606060606e+0 -7.5e-1 2.606060606060606e+0 -1.5625e-3 -4.071969696969697e-3 -7.5e-1 0e+0 0e+0 -7.5e-1 -3.356060606060606e+0 2.606060606060606e+0 1.5625e-3
2.6363636363636362e+0 -7.5e-1 2.6363636363636362e+0 -1.5625e-3 -4.1193181818181815e-3 -7.5e-1 0e+0 0e+0 -7.5e-1 -3.3863636363636362e+0 2.6363636363636362e+0 1.5625e-3
2.666666666666667e+0 -7.5e-1 2.666666666666667e+0 -1.5625e-3 -4.1666666666666675e-3 -7.5e-1 0e+0 0e+0 -7.5e-1 -3.416666666666667e+0 2.666666666666667e+0 1.5625e-3
2.6969696969696972e+0 -7.5e-1 2.6969696969696972e+0 -1.5625e-3 -4.214015151515152e-3 -7.5e-1 0e+0 0e+0 -7.5e-1 -3.4469696969696972e+0 2.6969696969696972e+0 1.5625e-3
2.7272727272727275e+0 -7.5e-1 2.7272727272727275e+0 -1.5625e-3 -4.261363636363637e-3 -7.5e-1 0e+0 0e+0 -7.5e-1 -3.4772727272727275e+0 2.7272727272727275e+0 1.5625e-3
2.757575757575758e+0 -7.5e-1 2.757575757575758e+0 -1.5625e-3 -4.308712121212122e-3 -7.5e-1 0e+0 0e+0 -7.5e-1 -3.507575757575758e+0 2.757575757575758e+0 1.5625e-3
2.787878787878788e+0 -7.5e-1 2.787878787878788e+0 -1.5625e-3 -4.356060606060606e-3 -7.5e-1 0e+0 0e+0 -7.5e-1 -3.537878787878788e+0 2.787878787878788e+0 1.5625e-3
2.8181818181818183e+0 -7.5e-1 2.8181818181818183e+0 -1.5625e-3 -4.4034090909090915e-3 -7.5e-1 0e+0 0e+0 -7.5e-1 -3.5681818181818183e+0 2.8181818181818183e+0 1.5625e-3
2.8484848484848486e+0 -7.5e-1 2.8484848484848486e+0 -1.5625e-3 -4.450757575757576e-3 -7.5e-1 0e+0 0e+0 -7.5e-1 -3.5984848484848486e+0 2.8484848484848486e+0 1.5625e-3
2.878787878787879e+0 -7.5e-1 2.878787878787879e+0 -1.5625e-3 -4.498106060606061e-3 -7.5e-1 0e+0 0e+0 -7.5e-1 -3.628787878787879e+0 2.878787878787879e+0 1.5625e-3
2.909090909090909e+0 -7.5e-1 2.909090909090909e+0 -1.5625e-3 -4.545454545454546e-3 -7.5e-1 0e+0 0e+0 -7.5e-1 -3.659090909090909e+0 2.909090909090909e+0 1.5625e-3
2.9393939393939394e+0 -7.5e-1 2.9393939393939394e+0 -1.5625e-3 -4.59280303030303e-3 -7.5e-1 0e+0 0e+0 -7.5e-1 -3.6893939393939394e+0 2.9393939393939394e+0 1.5625e-3
2.9696969696969697e+0 -7.5e-1 2.9696969696969697e+0 -1.5625e-3 -4.6401515151515155e-3 -7.5e-1 0e+0 0e+0 -7.5e-1 -3.7196969696969697e+0 2.9696969696969697e+0 1.5625e-3
3e+0 -7.5e-1 3e+0 -1.5625e-3 -4.687500000000001e-3 -7.5e-1 0e+0 0e+0 -7.5e-1 -3.75e+0 3e+0 1.5625e-3


"Vgs:V=-375m"
0e+0 -3.75e-1 0e+0 0e+0 0e+0 -3.75e-1 0e+0 0e+0 -3.75e-1 -3.75e-1 0e+0 0e+0
3.0303030303030304e-2 -3.75e-1 3.0303030303030304e-2 -9.756657483930235e-5 -2.956562873918253e-6 -3.75e-1 0e+0 0e+0 -3.75e-1 -4.053030303030303e-1 3.0303030303030276e-2 9.756657483930202e-5
6.060606060606061e-2 -3.75e-1 6.060606060606061e-2 -1.9329660238751154e-4 -1.1714945599243123e-5 -3.75e-1 2.168404344971009e-19 -8.131516293641283e-20 -3.75e-1 -4.356060606060606e-1 6.060606060606061e-2 1.932966023875115e-4
9.090909090909091e-2 -3.75e-1 9.090909090909091e-2 -2.87190082644628e-4 -2.610818933132982e-5 -3.75e-1 0e+0 0e+0 -3.75e-1 -4.6590909090909094e-1 9.090909090909094e-2 2.871900826446282e-4
1.2121212121212122e-1 -3.75e-1 1.2121212121212122e-1 -3.792470156106522e-4 -4.59693352255336e-5 -3.75e-1 2.168404344971009e-19 -8.131516293641283e-20 -3.75e-1 -4.962121212121212e-1 1.2121212121212122e-1 3.79247015610652e-4
1.5151515151515152e-1 -3.75e-1 1.5151515151515152e-1 -4.694674012855832e-4 -7.113142443720957e-5 -3.75e-1 0e+0 0e+0 -3.75e-1 -5.265151515151515e-1 1.515151515151515e-1 4.6946740128558305e-4
1.8181818181818182e-1 -3.75e-1 1.8181818181818182e-1 -5.578512396694215e-4 -1.01427498121713e-4 -3.75e-1 -2.168404344971009e-19 8.131516293641283e-20 -3.75e-1 -5.568181818181819e-1 1.8181818181818188e-1 5.578512396694217e-4
2.1212121212121213e-1 -3.75e-1 2.1212121212121213e-1 -6.443985307621673e-4 -1.3669059743439912e-4 -3.75e-1 0e+0 0e+0 -3.75e-1 -5.871212121212122e-1 2.1212121212121215e-1 6.443985307621673e-4
2.4242424242424243e-1 -3.75e-1 2.4242424242424243e-1 -7.291092745638202e-4 -1.7675376353062307e-4 -3.75e-1 0e+0 0e+0 -3.75e-1 -6.174242424242424e-1 2.4242424242424243e-1 7.291092745638202e-4
2.727272727272727e-1 -3.75e-1 2.727272727272727e-1 -8.119834710743803e-4 -2.2145003756574006e-4 -3.75e-1 0e+0 0e+0 -3.75e-1 -6.477272727272727e-1 2.727272727272727e-1 8.119834710743803e-4
3.0303030303030304e-1 -3.75e-1 3.0303030303030304e-1 -8.930211202938477e-4 -2.7061246069510537e-4 -3.75e-1 0e+0 0e+0 -3.75e-1 -6.78030303030303e-1 3.03030303030303e-1 8.930211202938475e-4
3.3333333333333337e-1 -3.75e-1 3.3333333333333337e-1 -9.722222222222224e-4 -3.240740740740742e-4 -3.75e-1 0e+0 0e+0 -3.75e-1 -7.083333333333334e-1 3.3333333333333337e-1 9.722222222222223e-4
3.6363636363636365e-1 -3.75e-1 3.6363636363636365e-1 -1.0495867768595042e-3 -3.8166791885800154e-4 -3.75e-1 1.0842021724855044e-19 -4.0657581468206416e-20 -3.75e-1 -7.386363636363636e-1 3.6363636363636365e-1 1.0495867768595042e-3
3.939393939393939e-1 -3.75e-1 3.939393939393939e-1 -1.1251147842056932e-3 -4.4322703620224273e-4 -3.75e-1 0e+0 0e+0 -3.75e-1 -7.689393939393939e-1 3.939393939393939e-1 1.1251147842056932e-3
4.2424242424242425e-1 -3.75e-1 4.2424242424242425e-1 -1.1988062442607893e-3 -5.085844672621531e-4 -3.75e-1 -2.168404344971009e-19 8.131516293641283e-20 -3.75e-1 -7.992424242424243e-1 4.242424242424243e-1 1.19880624426079e-3
4.545454545454546e-1 -3.75e-1 4.545454545454546e-1 -1.2706611570247935e-3 -5.77573253193088e-4 -3.75e-1 0e+0 0e+0 -3.75e-1 -8.295454545454546e-1 4.545454545454546e-1 1.2706611570247935e-3
4.8484848484848486e-1 -3.75e-1 4.8484848484848486e-1 -1.3406795224977044e-3 -6.500264351504021e-4 -3.75e-1 0e+0 0e+0 -3.75e-1 -8.598484848484849e-1 4.8484848484848486e-1 1.3406795224977044e-3
5.151515151515151e-1 -3.75e-1 5.151515151515151e-1 -1.4088613406795223e-3 -7.257770542894509e-4 -3.75e-1 -1.0842021724855044e-19 4.0657581468206416e-20 -3.75e-1 -8.901515151515151e-1 5.151515151515151e-1 1.4088613406795225e-3
5.454545454545454e-1 -3.75e-1 5.454545454545454e-1 -1.4752066115702482e-3 -8.046581517655899e-4 -3.75e-1 2.168404344971009e-19 -8.131516293641283e-20 -3.75e-1 -9.204545454545454e-1 5.454545454545454e-1 1.475206611570248e-3
5.757575757575758e-1 -3.75e-1 5.757575757575758e-1 -1.539715335169881e-3 -8.86502768734174e-4 -3.75e-1 1.0842021724855044e-19 -4.0657581468206416e-20 -3.75e-1 -9.507575757575758e-1 5.757575757575758e-1 1.5397153351698809e-3
6.060606060606061e-1 -3.75e-1 6.060606060606061e-1 -1.6023875114784206e-3 -9.71143946350558e-4 -3.75e-1 0e+0 0e+0 -3.75e-1 -9.810606060606061e-1 6.060606060606061e-1 1.6023875114784206e-3
6.363636363636364e-1 -3.75e-1 6.363636363636364e-1 -1.6632231404958681e-3 -1.0584147257700978e-3 -3.75e-1 1.0842021724855044e-19 -4.0657581468206416e-20 -3.75e-1 -1.0113636363636362e+0 6.363636363636362e-1 1.6632231404958677e-3
6.666666666666667e-1 -3.75e-1 6.666666666666667e-1 -1.7222222222222224e-3 -1.1481481481481484e-3 -3.75e-1 2.168404344971009e-19 -8.131516293641283e-20 -3.75e-1 -1.0416666666666667e+0 6.666666666666667e-1 1.7222222222222222e-3
6.96969696969697e-1 -3.75e-1 6.96969696969697e-1 -1.7793847566574838e-3 -1.2401772546400645e-3 -3.75e-1 -1.0842021724855044e-19 4.0657581468206416e-20 -3.75e-1 -1.071969696969697e+0 6.96969696969697e-1 1.7793847566574838e-3
7.272727272727273e-1 -3.75e-1 7.272727272727273e-1 -1.834710743801653e-3 -1.3343350864012022e-3 -3.75e-1 1.0842021724855044e-19 -4.0657581468206416e-20 -3.75e-1 -1.1022727272727273e+0 7.272727272727273e-1 1.834710743801653e-3
7.575757575757576e-1 -3.75e-1 7.575757575757576e-1 -1.888200183654729e-3 -1.4304546845869159e-3 -3.75e-1 0e+0 0e+0 -3.75e-1 -1.1325757575757576e+0 7.575757575757576e-1 1.888200183654729e-3
7.878787878787878e-1 -3.75e-1 7.878787878787878e-1 -1.9398530762167123e-3 -1.528369090352561e-3 -3.75e-1 -1.0842021724855044e-19 4.0657581468206416e-20 -3.75e-1 -1.1628787878787878e+0 7.878787878787878e-1 1.9398530762167123e-3
8.181818181818182e-1 -3.75e-1 8.181818181818182e-1 -1.989669421487603e-3 -1.6279113448534935e-3 -3.75e-1 -2.168404344971009e-19 8.131516293641283e-20 -3.75e-1 -1.1931818181818183e+0 8.181818181818183e-1 1.989669421487604e-3
8.484848484848485e-1 -3.75e-1 8.484848484848485e-1 -2.037649219467401e-3 -1.7289144892450677e-3 -3.75e-1 -1.0842021724855044e-19 4.0657581468206416e-20 -3.75e-1 -1.2234848484848486e+0 8.484848484848486e-1 2.0376492194674016e-3
8.787878787878788e-1 -3.75e-1 8.787878787878788e-1 -2.0837924701561064e-3 -1.8312115646826389e-3 -3.75e-1 -1.0842021724855044e-19 4.0657581468206416e-20 -3.75e-1 -1.253787878787879e+0 8.787878787878789e-1 2.083792470156107e-3
9.090909090909092e-1 -3.75e-1 9.090909090909092e-1 -2.128099173553719e-3 -1.9346356123215631e-3 -3.75e-1 0e+0 0e+0 -3.75e-1 -1.2840909090909092e+0 9.090909090909092e-1 2.128099173553719e-3
9.393939393939394e-1 -3.75e-1 9.393939393939394e-1 -2.170569329660239e-3 -2.0390196733171945e-3 -3.75e-1 -1.0842021724855044e-19 4.0657581468206416e-20 -3.75e-1 -1.3143939393939394e+0 9.393939393939394e-1 2.170569329660239e-3
9.696969696969697e-1 -3.75e-1 9.696969696969697e-1 -2.211202938475666e-3 -2.1441967888248883e-3 -3.75e-1 -1.0842021724855044e-19 4.0657581468206416e-20 -3.75e-1 -1.3446969696969697e+0 9.696969696969697e-1 2.211202938475666e-3
1e+0 -3.75e-1 1e+0 -2.2500000000000003e-3 -2.2500000000000003e-3 -3.75e-1 0e+0 0e+0 -3.75e-1 -1.375e+0 1e+0 2.2500000000000003e-3
1.0303030303030303e+0 -3.75e-1 1.0303030303030303e+0 -2.2869605142332417e-3 -2.3562623479978853e-3 -3.75e-1 1.0842021724855044e-19 -4.0657581468206416e-20 -3.75e-1 -1.4053030303030303e+0 1.0303030303030303e+0 2.2869605142332413e-3
1.0606060606060606e+0 -3.75e-1 1.0606060606060606e+0 -2.32208448117539e-3 -2.4628168739738985e-3 -3.75e-1 -5.421010862427522e-20 2.0328790734103208e-20 -3.75e-1 -1.4356060606060606e+0 1.0606060606060606e+0 2.32208448117539e-3
1.0909090909090908e+0 -3.75e-1 1.0909090909090908e+0 -2.3553719008264466e-3 -2.569496619083396e-3 -3.75e-1 -1.6263032587282567e-19 6.098637220230962e-20 -3.75e-1 -1.4659090909090908e+0 1.0909090909090908e+0 2.3553719008264466e-3
1.1212121212121213e+0 -3.75e-1 1.1212121212121213e+0 -2.3868227731864097e-3 -2.6761346244817325e-3 -3.75e-1 0e+0 0e+0 -3.75e-1 -1.4962121212121213e+0 1.1212121212121213e+0 2.38682277318641e-3
1.1515151515151516e+0 -3.75e-1 1.1515151515151516e+0 -2.416437098255281e-3 -2.7825639313242634e-3 -3.75e-1 0e+0 0e+0 -3.75e-1 -1.5265151515151516e+0 1.1515151515151516e+0 2.4164370982552807e-3
1.1818181818181819e+0 -3.75e-1 1.1818181818181819e+0 -2.4442148760330583e-3 -2.8886175807663417e-3 -3.75e-1 1.0842021724855044e-19 -4.0657581468206416e-20 -3.75e-1 -1.5568181818181819e+0 1.1818181818181819e+0 2.4442148760330583e-3
1.2121212121212122e+0 -3.75e-1 1.2121212121212122e+0 -2.470156106519743e-3 -2.994128613963325e-3 -3.75e-1 0e+0 0e+0 -3.75e-1 -1.5871212121212122e+0 1.2121212121212122e+0 2.470156106519743e-3
1.2424242424242424e+0 -3.75e-1 1.2424242424242424e+0 -2.494260789715335e-3 -3.098930072070568e-3 -3.75e-1 5.421010862427522e-20 -2.0328790734103208e-20 -3.75e-1 -1.6174242424242424e+0 1.2424242424242424e+0 2.494260789715335e-3
1.2727272727272727e+0 -3.75e-1 1.2727272727272727e+0 -2.516528925619835e-3 -3.2028549962434265e-3 -3.75e-1 0e+0 0e+0 -3.75e-1 -1.6477272727272727e+0 1.2727272727272727e+0 2.5165289256198348e-3
1.303030303030303e+0 -3.75e-1 1.303030303030303e+0 -2.5369605142332415e-3 -3.305736427637254e-3 -3.75e-1 1.0842021724855044e-19 -4.0657581468206416e-20 -3.75e-1 -1.678030303030303e+0 1.303030303030303e+0 2.5369605142332415e-3
1.3333333333333335e+0 -3.75e-1 1.3333333333333335e+0 -2.5555555555555557e-3 -3.407407407407408e-3 -3.75e-1 2.710505431213761e-20 -1.0164395367051604e-20 -3.75e-1 -1.7083333333333335e+0 1.3333333333333335e+0 2.5555555555555557e-3
1.3636363636363638e+0 -3.75e-1 1.3636363636363638e+0 -2.5723140495867774e-3 -3.5077009767092424e-3 -3.75e-1 0e+0 0e+0 -3.75e-1 -1.7386363636363638e+0 1.3636363636363638e+0 2.572314049586777e-3
1.393939393939394e+0 -3.75e-1 1.393939393939394e+0 -2.5872359963269053e-3 -3.6064501766981108e-3 -3.75e-1 -2.710505431213761e-20 1.0164395367051604e-20 -3.75e-1 -1.768939393939394e+0 1.393939393939394e+0 2.5872359963269053e-3
1.4242424242424243e+0 -3.75e-1 1.4242424242424243e+0 -2.600321395775942e-3 -3.703488048529372e-3 -3.75e-1 5.421010862427522e-20 -2.0328790734103208e-20 -3.75e-1 -1.7992424242424243e+0 1.4242424242424243e+0 2.6003213957759416e-3
1.4545454545454546e+0 -3.75e-1 1.4545454545454546e+0 -2.611570247933885e-3 -3.7986476333583784e-3 -3.75e-1 0e+0 0e+0 -3.75e-1 -1.8295454545454546e+0 1.4545454545454546e+0 2.6115702479338845e-3
1.4848484848484849e+0 -3.75e-1 1.4848484848484849e+0 -2.6209825528007344e-3 -3.8917619723404847e-3 -3.75e-1 -5.421010862427522e-20 2.0328790734103208e-20 -3.75e-1 -1.8598484848484849e+0 1.4848484848484849e+0 2.620982552800735e-3
1.5151515151515151e+0 -3.75e-1 1.5151515151515151e+0 -2.628558310376492e-3 -3.982664106631048e-3 -3.75e-1 -4.0657581468206416e-20 1.5246593050577406e-20 -3.75e-1 -1.8901515151515151e+0 1.5151515151515151e+0 2.6285583103764923e-3
1.5454545454545454e+0 -3.75e-1 1.5454545454545454e+0 -2.6342975206611564e-3 -4.071187077385423e-3 -3.75e-1 -1.3552527156068805e-20 5.082197683525802e-21 -3.75e-1 -1.9204545454545454e+0 1.5454545454545454e+0 2.634297520661157e-3
1.5757575757575757e+0 -3.75e-1 1.5757575757575757e+0 -2.6382001836547293e-3 -4.157163925758967e-3 -3.75e-1 1.3552527156068805e-20 -5.082197683525802e-21 -3.75e-1 -1.9507575757575757e+0 1.5757575757575757e+0 2.638200183654729e-3
1.6060606060606062e+0 -3.75e-1 1.6060606060606062e+0 -2.6402662993572088e-3 -4.240427692907033e-3 -3.75e-1 -5.082197683525802e-21 1.9058241313221758e-21 -3.75e-1 -1.9810606060606062e+0 1.6060606060606062e+0 2.6402662993572088e-3
1.6363636363636365e+0 -3.75e-1 1.6363636363636365e+0 -2.640625e-3 -4.321022727272728e-3 -3.75e-1 0e+0 0e+0 -3.75e-1 -2.0113636363636367e+0 1.6363636363636367e+0 2.640625e-3
1.6666666666666667e+0 -3.75e-1 1.6666666666666667e+0 -2.640625e-3 -4.401041666666667e-3 -3.75e-1 0e+0 0e+0 -3.75e-1 -2.041666666666667e+0 1.666666666666667e+0 2.640625e-3
1.696969696969697e+0 -3.75e-1 1.696969696969697e+0 -2.640625e-3 -4.4810606060606065e-3 -3.75e-1 0e+0 0e+0 -3.75e-1 -2.0719696969696972e+0 1.6969696969696972e+0 2.640625e-3
1.7272727272727273e+0 -3.75e-1 1.7272727272727273e+0 -2.640625e-3 -4.561079545454546e-3 -3.75e-1 0e+0 0e+0 -3.75e-1 -2.1022727272727275e+0 1.7272727272727275e+0 2.640625e-3
1.7575757575757576e+0 -3.75e-1 1.7575757575757576e+0 -2.640625e-3 -4.641098484848485e-3 -3.75e-1 0e+0 0e+0 -3.75e-1 -2.132575757575758e+0 1.7575757575757578e+0 2.640625e-3
1.7878787878787878e+0 -3.75e-1 1.7878787878787878e+0 -2.640625e-3 -4.7211174242424245e-3 -3.75e-1 0e+0 0e+0 -3.75e-1 -2.162878787878788e+0 1.787878787878788e+0 2.640625e-3
1.8181818181818183e+0 -3.75e-1 1.8181818181818183e+0 -2.640625e-3 -4.801136363636364e-3 -3.75e-1 0e+0 0e+0 -3.75e-1 -2.1931818181818183e+0 1.8181818181818183e+0 2.640625e-3
1.8484848484848486e+0 -3.75e-1 1.8484848484848486e+0 -2.640625e-3 -4.881155303030304e-3 -3.75e-1 0e+0 0e+0 -3.75e-1 -2.2234848484848486e+0 1.8484848484848486e+0 2.640625e-3
1.878787878787879e+0 -3.75e-1 1.878787878787879e+0 -2.640625e-3 -4.961174242424243e-3 -3.75e-1 0e+0 0e+0 -3.75e-1 -2.253787878787879e+0 1.878787878787879e+0 2.640625e-3
1.9090909090909092e+0 -3.75e-1 1.9090909090909092e+0 -2.640625e-3 -5.041193181818182e-3 -3.75e-1 0e+0 0e+0 -3.75e-1 -2.284090909090909e+0 1.9090909090909092e+0 2.640625e-3
1.9393939393939394e+0 -3.75e-1 1.9393939393939394e+0 -2.640625e-3 -5.121212121212122e-3 -3.75e-1 0e+0 0e+0 -3.75e-1 -2.3143939393939394e+0 1.9393939393939394e+0 2.640625e-3
1.9696969696969697e+0 -3.75e-1 1.9696969696969697e+0 -2.640625e-3 -5.201231060606061e-3 -3.75e-1 0e+0 0e+0 -3.75e-1 -2.3446969696969697e+0 1.9696969696969697e+0 2.640625e-3
2e+0 -3.75e-1 2e+0 -2.640625e-3 -5.28125e-3 -3.75e-1 0e+0 0e+0 -3.75e-1 -2.375e+0 2e+0 2.640625e-3
2.0303030303030303e+0 -3.75e-1 2.0303030303030303e+0 -2.640625e-3 -5.36126893939394e-3 -3.75e-1 0e+0 0e+0 -3.75e-1 -2.4053030303030303e+0 2.0303030303030303e+0 2.640625e-3
2.0606060606060606e+0 -3.75e-1 2.0606060606060606e+0 -2.640625e-3 -5.441287878787879e-3 -3.75e-1 0e+0 0e+0 -3.75e-1 -2.4356060606060606e+0 2.0606060606060606e+0 2.640625e-3
2.090909090909091e+0 -3.75e-1 2.090909090909091e+0 -2.640625e-3 -5.521306818181818e-3 -3.75e-1 0e+0 0e+0 -3.75e-1 -2.465909090909091e+0 2.090909090909091e+0 2.640625e-3
2.121212121212121e+0 -3.75e-1 2.121212121212121e+0 -2.640625e-3 -5.601325757575758e-3 -3.75e-1 0e+0 0e+0 -3.75e-1 -2.496212121212121e+0 2.121212121212121e+0 2.640625e-3
2.1515151515151514e+0 -3.75e-1 2.1515151515151514e+0 -2.640625e-3 -5.681344696969697e-3 -3.75e-1 0e+0 0e+0 -3.75e-1 -2.5265151515151514e+0 2.1515151515151514e+0 2.640625e-3
2.1818181818181817e+0 -3.75e-1 2.1818181818181817e+0 -2.640625e-3 -5.7613636363636365e-3 -3.75e-1 0e+0 0e+0 -3.75e-1 -2.5568181818181817e+0 2.1818181818181817e+0 2.640625e-3
2.2121212121212124e+0 -3.75e-1 2.2121212121212124e+0 -2.640625e-3 -5.841382575757577e-3 -3.75e-1 0e+0 0e+0 -3.75e-1 -2.5871212121212124e+0 2.2121212121212124e+0 2.640625e-3
2.2424242424242427e+0 -3.75e-1 2.2424242424242427e+0 -2.640625e-3 -5.921401515151516e-3 -3.75e-1 0e+0 0e+0 -3.75e-1 -2.6174242424242427e+0 2.2424242424242427e+0 2.640625e-3
2.272727272727273e+0 -3.75e-1 2.272727272727273e+0 -2.640625e-3 -6.0014204545454555e-3 -3.75e-1 0e+0 0e+0 -3.75e-1 -2.647727272727273e+0 2.272727272727273e+0 2.640625e-3
2.303030303030303e+0 -3.75e-1 2.303030303030303e+0 -2.640625e-3 -6.081439393939395e-3 -3.75e-1 0e+0 0e+0 -3.75e-1 -2.678030303030303e+0 2.303030303030303e+0 2.640625e-3
2.3333333333333335e+0 -3.75e-1 2.3333333333333335e+0 -2.640625e-3 -6.161458333333334e-3 -3.75e-1 0e+0 0e+0 -3.75e-1 -2.7083333333333335e+0 2.3333333333333335e+0 2.640625e-3
2.3636363636363638e+0 -3.75e-1 2.3636363636363638e+0 -2.640625e-3 -6.2414772727272735e-3 -3.75e-1 0e+0 0e+0 -3.75e-1 -2.7386363636363638e+0 2.3636363636363638e+0 2.640625e-3
2.393939393939394e+0 -3.75e-1 2.393939393939394e+0 -2.640625e-3 -6.321496212121213e-3 -3.75e-1 0e+0 0e+0 -3.75e-1 -2.768939393939394e+0 2.393939393939394e+0 2.640625e-3
2.4242424242424243e+0 -3.75e-1 2.4242424242424243e+0 -2.640625e-3 -6.401515151515152e-3 -3.75e-1 0e+0 0e+0 -3.75e-1 -2.7992424242424243e+0 2.4242424242424243e+0 2.640625e-3
2.4545454545454546e+0 -3.75e-1 2.4545454545454546e+0 -2.640625e-3 -6.481534090909092e-3 -3.75e-1 0e+0 0e+0 -3.75e-1 -2.8295454545454546e+0 2.4545454545454546e+0 2.640625e-3
2.484848484848485e+0 -3.75e-1 2.484848484848485e+0 -2.640625e-3 -6.56155303030303e-3 -3.75e-1 0e+0 0e+0 -3.75e-1 -2.859848484848485e+0 2.484848484848485e+0 2.640625e-3
2.515151515151515e+0 -3.75e-1 2.515151515151515e+0 -2.640625e-3 -6.64157196969697e-3 -3.75e-1 0e+0 0e+0 -3.75e-1 -2.890151515151515e+0 2.515151515151515e+0 2.640625e-3
2.5454545454545454e+0 -3.75e-1 2.5454545454545454e+0 -2.640625e-3 -6.72159090909091e-3 -3.75e-1 0e+0 0e+0 -3.75e-1 -2.9204545454545454e+0 2.5454545454545454e+0 2.640625e-3
2.5757575757575757e+0 -3.75e-1 2.5757575757575757e+0 -2.640625e-3 -6.8016098484848485e-3 -3.75e-1 0e+0 0e+0 -3.75e-1 -2.9507575757575757e+0 2.5757575757575757e+0 2.640625e-3
2.606060606060606e+0 -3.75e-1 2.606060606060606e+0 -2.640625e-3 -6.881628787878788e-3 -3.75e-1 0e+0 0e+0 -3.75e-1 -2.981060606060606e+0 2.606060606060606e+0 2.640625e-3
2.6363636363636362e+0 -3.75e-1 2.6363636363636362e+0 -2.640625e-3 -6.961647727272728e-3 -3.75e-1 0e+0 0e+0 -3.75e-1 -3.0113636363636362e+0 2.6363636363636362e+0 2.640625e-3
2.666666666666667e+0 -3.75e-1 2.666666666666667e+0 -2.640625e-3 -7.041666666666668e-3 -3.75e-1 0e+0 0e+0 -3.75e-1 -3.041666666666667e+0 2.666666666666667e+0 2.640625e-3
2.6969696969696972e+0 -3.75e-1 2.6969696969696972e+0 -2.640625e-3 -7.121685606060607e-3 -3.75e-1 0e+0 0e+0 -3.75e-1 -3.0719696969696972e+0 2.6969696969696972e+0 2.640625e-3
2.7272727272727275e+0 -3.75e-1 2.7272727272727275e+0 -2.640625e-3 -7.201704545454547e-3 -3.75e-1 0e+0 0e+0 -3.75e-1 -3.1022727272727275e+0 2.7272727272727275e+0 2.640625e-3
2.757575757575758e+0 -3.75e-1 2.757575757575758e+0 -2.640625e-3 -7.2817234848484855e-3 -3.75e-1 0e+0 0e+0 -3.75e-1 -3.132575757575758e+0 2.757575757575758e+0 2.640625e-3
2.787878787878788e+0 -3.75e-1 2.787878787878788e+0 -2.640625e-3 -7.361742424242425e-3 -3.75e-1 0e+0 0e+0 -3.75e-1 -3.162878787878788e+0 2.787878787878788e+0 2.640625e-3
2.8181818181818183e+0 -3.75e-1 2.8181818181818183e+0 -2.640625e-3 -7.441761363636365e-3 -3.75e-1 0e+0 0e+0 -3.75e-1 -3.1931818181818183e+0 2.8181818181818183e+0 2.640625e-3
2.8484848484848486e+0 -3.75e-1 2.8484848484848486e+0 -2.640625e-3 -7.521780303030304e-3 -3.75e-1 0e+0 0e+0 -3.75e-1 -3.2234848484848486e+0 2.8484848484848486e+0 2.640625e-3
2.878787878787879e+0 -3.75e-1 2.878787878787879e+0 -2.640625e-3 -7.601799242424243e-3 -3.75e-1 0e+0 0e+0 -3.75e-1 -3.253787878787879e+0 2.878787878787879e+0 2.640625e-3
2.909090909090909e+0 -3.75e-1 2.909090909090909e+0 -2.640625e-3 -7.681818181818183e-3 -3.75e-1 0e+0 0e+0 -3.75e-1 -3.284090909090909e+0 2.909090909090909e+0 2.640625e-3
2.9393939393939394e+0 -3.75e-1 2.9393939393939394e+0 -2.640625e-3 -7.761837121212122e-3 -3.75e-1 0e+0 0e+0 -3.75e-1 -3.3143939393939394e+0 2.9393939393939394e+0 2.640625e-3
2.9696969696969697e+0 -3.75e-1 2.9696969696969697e+0 -2.640625e-3 -7.841856060606061e-3 -3.75e-1 0e+0 0e+0 -3.75e-1 -3.3446969696969697e+0 2.9696969696969697e+0 2.640625e-3
3e+0 -3.75e-1 3e+0 -2.640625e-3 -7.921875e-3 -3.75e-1 0e+0 0e+0 -3.75e-1 -3.375e+0 3e+0 2.640625e-3


"Vgs:V=0"
0e+0 0e+0 0e+0 0e+0 0e+0 0e+0 0e+0 0e+0 0e+0 0e+0 0e+0 0e+0
3.0303030303030304e-2 0e+0 3.0303030303030304e-2 -1.2029384756657485e-4 -3.6452681080780257e-6 0e+0 0e+0 0e+0 0e+0 -3.0303030303030304e-2 3.0303030303030304e-2 1.2029384756657485e-4
6.060606060606061e-2 0e+0 6.060606060606061e-2 -2.3875114784205695e-4 -1.446976653588224e-5 0e+0 0e+0 0e+0 0e+0 -6.060606060606061e-2 6.060606060606061e-2 2.3875114784205695e-4
9.090909090909091e-2 0e+0 9.090909090909091e-2 -3.553719008264463e-4 -3.230653643876785e-5 0e+0 0e+0 0e+0 0e+0 -9.090909090909091e-2 9.090909090909091e-2 3.553719008264463e-4
1.2121212121212122e-1 0e+0 1.2121212121212122e-1 -4.7015610651974295e-4 -5.698861897209006e-5 0e+0 0e+0 0e+0 0e+0 -1.2121212121212122e-1 1.2121212121212122e-1 4.7015610651974295e-4
1.5151515151515152e-1 0e+0 1.5151515151515152e-1 -5.831037649219467e-4 -8.834905529120405e-5 0e+0 0e+0 0e+0 0e+0 -1.5151515151515152e-1 1.5151515151515152e-1 5.831037649219467e-4
1.8181818181818182e-1 0e+0 1.8181818181818182e-1 -6.942148760330579e-4 -1.2622088655146507e-4 0e+0 0e+0 0e+0 0e+0 -1.8181818181818182e-1 1.8181818181818182e-1 6.942148760330579e-4
2.1212121212121213e-1 0e+0 2.1212121212121213e-1 -8.034894398530763e-4 -1.704371539082283e-4 0e+0 0e+0 0e+0 0e+0 -2.1212121212121213e-1 2.1212121212121213e-1 8.034894398530763e-4
2.4242424242424243e-1 0e+0 2.4242424242424243e-1 -9.109274563820019e-4 -2.2083089851684896e-4 0e+0 0e+0 0e+0 0e+0 -2.4242424242424243e-1 2.4242424242424243e-1 9.109274563820019e-4
2.727272727272727e-1 0e+0 2.727272727272727e-1 -1.0165289256198347e-3 -2.7723516153268217e-4 0e+0 0e+0 0e+0 0e+0 -2.727272727272727e-1 2.727272727272727e-1 1.0165289256198347e-3
3.0303030303030304e-1 0e+0 3.0303030303030304e-1 -1.1202938475665747e-3 -3.3948298411108326e-4 0e+0 0e+0 0e+0 0e+0 -3.0303030303030304e-1 3.0303030303030304e-1 1.1202938475665747e-3
3.3333333333333337e-1 0e+0 3.3333333333333337e-1 -1.2222222222222224e-3 -4.0740740740740754e-4 0e+0 0e+0 0e+0 0e+0 -3.3333333333333337e-1 3.3333333333333337e-1 1.2222222222222224e-3
3.6363636363636365e-1 0e+0 3.6363636363636365e-1 -1.322314049586777e-3 -4.8084147257700983e-4 0e+0 0e+0 0e+0 0e+0 -3.6363636363636365e-1 3.6363636363636365e-1 1.322314049586777e-3
3.939393939393939e-1 0e+0 3.939393939393939e-1 -1.4205693296602386e-3 -5.596182207752454e-4 0e+0 0e+0 0e+0 0e+0 -3.939393939393939e-1 3.939393939393939e-1 1.4205693296602386e-3
4.2424242424242425e-1 0e+0 4.2424242424242425e-1 -1.5169880624426079e-3 -6.4357069315747e-4 0e+0 0e+0 0e+0 0e+0 -4.2424242424242425e-1 4.2424242424242425e-1 1.5169880624426079e-3
4.545454545454546e-1 0e+0 4.545454545454546e-1 -1.6115702479338845e-3 -7.325319308790385e-4 0e+0 0e+0 0e+0 0e+0 -4.545454545454546e-1 4.545454545454546e-1 1.6115702479338845e-3
4.8484848484848486e-1 0e+0 4.8484848484848486e-1 -1.7043158861340681e-3 -8.263349750953058e-4 0e+0 0e+0 0e+0 0e+0 -4.8484848484848486e-1 4.8484848484848486e-1 1.7043158861340681e-3
5.151515151515151e-1 0e+0 5.151515151515151e-1 -1.7952249770431588e-3 -9.248128669616273e-4 0e+0 0e+0 0e+0 0e+0 -5.151515151515151e-1 5.151515151515151e-1 1.7952249770431588e-3
5.454545454545454e-1 0e+0 5.454545454545454e-1 -1.884297520661157e-3 -1.0277986476333583e-3 0e+0 0e+0 0e+0 0e+0 -5.454545454545454e-1 5.454545454545454e-1 1.884297520661157e-3
5.757575757575758e-1 0e+0 5.757575757575758e-1 -1.9715335169880627e-3 -1.1351253582658543e-3 0e+0 0e+0 0e+0 0e+0 -5.757575757575758e-1 5.757575757575758e-1 1.9715335169880627e-3
6.060606060606061e-1 0e+0 6.060606060606061e-1 -2.056932966023875e-3 -1.2466260400144698e-3 0e+0 0e+0 0e+0 0e+0 -6.060606060606061e-1 6.060606060606061e-1 2.056932966023875e-3
6.363636363636364e-1 0e+0 6.363636363636364e-1 -2.1404958677685953e-3 -1.3621337340345607e-3 0e+0 0e+0 0e+0 0e+0 -6.363636363636364e-1 6.363636363636364e-1 2.1404958677685953e-3
6.666666666666667e-1 0e+0 6.666666666666667e-1 -2.2222222222222222e-3 -1.4814814814814816e-3 0e+0 0e+0 0e+0 0e+0 -6.666666666666667e-1 6.666666666666667e-1 2.2222222222222222e-3
6.96969696969697e-1 0e+0 6.96969696969697e-1 -2.3021120293847566e-3 -1.604502323510588e-3 0e+0 0e+0 0e+0 0e+0 -6.96969696969697e-1 6.96969696969697e-1 2.3021120293847566e-3
7.272727272727273e-1 0e+0 7.272727272727273e-1 -2.3801652892561985e-3 -1.7310293012772354e-3 0e+0 0e+0 0e+0 0e+0 -7.272727272727273e-1 7.272727272727273e-1 2.3801652892561985e-3
7.575757575757576e-1 0e+0 7.575757575757576e-1 -2.456382001836547e-3 -1.860895455936778e-3 0e+0 0e+0 0e+0 0e+0 -7.575757575757576e-1 7.575757575757576e-1 2.456382001836547e-3
7.878787878787878e-1 0e+0 7.878787878787878e-1 -2.530762167125803e-3 -1.993933828644572e-3 0e+0 0e+0 0e+0 0e+0 -7.878787878787878e-1 7.878787878787878e-1 2.530762167125803e-3
8.181818181818182e-1 0e+0 8.181818181818182e-1 -2.603305785123967e-3 -2.129977460555973e-3 0e+0 0e+0 0e+0 0e+0 -8.181818181818182e-1 8.181818181818182e-1 2.603305785123967e-3
8.484848484848485e-1 0e+0 8.484848484848485e-1 -2.6740128558310375e-3 -2.268859392826335e-3 0e+0 0e+0 0e+0 0e+0 -8.484848484848485e-1 8.484848484848485e-1 2.6740128558310375e-3
8.787878787878788e-1 0e+0 8.787878787878788e-1 -2.7428833792470155e-3 -2.4104126666110136e-3 0e+0 0e+0 0e+0 0e+0 -8.787878787878788e-1 8.787878787878788e-1 2.7428833792470155e-3
9.090909090909092e-1 0e+0 9.090909090909092e-1 -2.809917355371901e-3 -2.554470323065365e-3 0e+0 0e+0 0e+0 0e+0 -9.090909090909092e-1 9.090909090909092e-1 2.809917355371901e-3
9.393939393939394e-1 0e+0 9.393939393939394e-1 -2.8751147842056932e-3 -2.7008654033447424e-3 0e+0 0e+0 0e+0 0e+0 -9.393939393939394e-1 9.393939393939394e-1 2.8751147842056932e-3
9.696969696969697e-1 0e+0 9.696969696969697e-1 -2.9384756657483933e-3 -2.8494309486045027e-3 0e+0 0e+0 0e+0 0e+0 -9.696969696969697e-1 9.696969696969697e-1 2.9384756657483933e-3
1e+0 0e+0 1e+0 -3e-3 -3e-3 0e+0 0e+0 0e+0 0e+0 -1e+0 1e+0 3e-3
1.0303030303030303e+0 0e+0 1.0303030303030303e+0 -3.0596877869605143e-3 -3.1524055986865904e-3 0e+0 0e+0 0e+0 0e+0 -1.0303030303030303e+0 1.0303030303030303e+0 3.0596877869605143e-3
1.0606060606060606e+0 0e+0 1.0606060606060606e+0 -3.1175390266299356e-3 -3.3064807858196286e-3 0e+0 0e+0 0e+0 0e+0 -1.0606060606060606e+0 1.0606060606060606e+0 3.1175390266299356e-3
1.0909090909090908e+0 0e+0 1.0909090909090908e+0 -3.173553719008265e-3 -3.4620586025544704e-3 0e+0 0e+0 0e+0 0e+0 -1.0909090909090908e+0 1.0909090909090908e+0 3.173553719008265e-3
1.1212121212121213e+0 0e+0 1.1212121212121213e+0 -3.227731864095501e-3 -3.6189720900464714e-3 0e+0 0e+0 0e+0 0e+0 -1.1212121212121213e+0 1.1212121212121213e+0 3.227731864095501e-3
1.1515151515151516e+0 0e+0 1.1515151515151516e+0 -3.2800734618916444e-3 -3.7770542894509846e-3 0e+0 0e+0 0e+0 0e+0 -1.1515151515151516e+0 1.1515151515151516e+0 3.2800734618916444e-3
1.1818181818181819e+0 0e+0 1.1818181818181819e+0 -3.330578512396695e-3 -3.936138241923366e-3 0e+0 0e+0 0e+0 0e+0 -1.1818181818181819e+0 1.1818181818181819e+0 3.330578512396695e-3
1.2121212121212122e+0 0e+0 1.2121212121212122e+0 -3.3792470156106522e-3 -4.096056988618972e-3 0e+0 0e+0 0e+0 0e+0 -1.2121212121212122e+0 1.2121212121212122e+0 3.3792470156106522e-3
1.2424242424242424e+0 0e+0 1.2424242424242424e+0 -3.426078971533517e-3 -4.256643570693158e-3 0e+0 0e+0 0e+0 0e+0 -1.2424242424242424e+0 1.2424242424242424e+0 3.426078971533517e-3
1.2727272727272727e+0 0e+0 1.2727272727272727e+0 -3.4710743801652896e-3 -4.417731029301278e-3 0e+0 0e+0 0e+0 0e+0 -1.2727272727272727e+0 1.2727272727272727e+0 3.4710743801652896e-3
1.303030303030303e+0 0e+0 1.303030303030303e+0 -3.514233241505969e-3 -4.579152405598687e-3 0e+0 0e+0 0e+0 0e+0 -1.303030303030303e+0 1.303030303030303e+0 3.514233241505969e-3
1.3333333333333335e+0 0e+0 1.3333333333333335e+0 -3.5555555555555557e-3 -4.7407407407407415e-3 0e+0 0e+0 0e+0 0e+0 -1.3333333333333335e+0 1.3333333333333335e+0 3.5555555555555557e-3
1.3636363636363638e+0 0e+0 1.3636363636363638e+0 -3.59504132231405e-3 -4.902329075882795e-3 0e+0 0e+0 0e+0 0e+0 -1.3636363636363638e+0 1.3636363636363638e+0 3.59504132231405e-3
1.393939393939394e+0 0e+0 1.393939393939394e+0 -3.632690541781451e-3 -5.063750452180204e-3 0e+0 0e+0 0e+0 0e+0 -1.393939393939394e+0 1.393939393939394e+0 3.632690541781451e-3
1.4242424242424243e+0 0e+0 1.4242424242424243e+0 -3.66850321395776e-3 -5.224837910788325e-3 0e+0 0e+0 0e+0 0e+0 -1.4242424242424243e+0 1.4242424242424243e+0 3.66850321395776e-3
1.4545454545454546e+0 0e+0 1.4545454545454546e+0 -3.702479338842976e-3 -5.385424492862511e-3 0e+0 0e+0 0e+0 0e+0 -1.4545454545454546e+0 1.4545454545454546e+0 3.7024793388429757e-3
1.4848484848484849e+0 0e+0 1.4848484848484849e+0 -3.7346189164370984e-3 -5.545343239558116e-3 0e+0 0e+0 0e+0 0e+0 -1.4848484848484849e+0 1.4848484848484849e+0 3.7346189164370984e-3
1.5151515151515151e+0 0e+0 1.5151515151515151e+0 -3.7649219467401286e-3 -5.704427192030498e-3 0e+0 0e+0 0e+0 0e+0 -1.5151515151515151e+0 1.5151515151515151e+0 3.7649219467401286e-3
1.5454545454545454e+0 0e+0 1.5454545454545454e+0 -3.7933884297520655e-3 -5.86250939143501e-3 0e+0 0e+0 0e+0 0e+0 -1.5454545454545454e+0 1.5454545454545454e+0 3.793388429752066e-3
1.5757575757575757e+0 0e+0 1.5757575757575757e+0 -3.8200183654729107e-3 -6.019422878927011e-3 0e+0 0e+0 0e+0 0e+0 -1.5757575757575757e+0 1.5757575757575757e+0 3.8200183654729107e-3
1.6060606060606062e+0 0e+0 1.6060606060606062e+0 -3.8448117539026634e-3 -6.175000695661854e-3 0e+0 0e+0 0e+0 0e+0 -1.6060606060606062e+0 1.6060606060606062e+0 3.844811753902663e-3
1.6363636363636365e+0 0e+0 1.6363636363636365e+0 -3.8677685950413224e-3 -6.329075882794892e-3 0e+0 0e+0 0e+0 0e+0 -1.6363636363636365e+0 1.6363636363636365e+0 3.8677685950413224e-3
1.6666666666666667e+0 0e+0 1.6666666666666667e+0 -3.8888888888888888e-3 -6.481481481481481e-3 0e+0 0e+0 0e+0 0e+0 -1.6666666666666667e+0 1.6666666666666667e+0 3.8888888888888888e-3
1.696969696969697e+0 0e+0 1.696969696969697e+0 -3.908172635445363e-3 -6.632050532876979e-3 0e+0 0e+0 0e+0 0e+0 -1.696969696969697e+0 1.696969696969697e+0 3.908172635445363e-3
1.7272727272727273e+0 0e+0 1.7272727272727273e+0 -3.925619834710743e-3 -6.780616078136738e-3 0e+0 0e+0 0e+0 0e+0 -1.7272727272727273e+0 1.7272727272727273e+0 3.925619834710743e-3
1.7575757575757576e+0 0e+0 1.7575757575757576e+0 -3.941230486685031e-3 -6.927011158416116e-3 0e+0 0e+0 0e+0 0e+0 -1.7575757575757576e+0 1.7575757575757576e+0 3.941230486685032e-3
1.7878787878787878e+0 0e+0 1.7878787878787878e+0 -3.955004591368228e-3 -7.071068814870468e-3 0e+0 0e+0 0e+0 0e+0 -1.7878787878787878e+0 1.7878787878787878e+0 3.955004591368228e-3
1.8181818181818183e+0 0e+0 1.8181818181818183e+0 -3.9669421487603315e-3 -7.2126220886551485e-3 0e+0 0e+0 0e+0 0e+0 -1.8181818181818183e+0 1.8181818181818183e+0 3.966942148760331e-3
1.8484848484848486e+0 0e+0 1.8484848484848486e+0 -3.977043158861341e-3 -7.35150402092551e-3 0e+0 0e+0 0e+0 0e+0 -1.8484848484848486e+0 1.8484848484848486e+0 3.977043158861341e-3
1.878787878787879e+0 0e+0 1.878787878787879e+0 -3.985307621671258e-3 -7.48754765283691e-3 0e+0 0e+0 0e+0 0e+0 -1.878787878787879e+0 1.878787878787879e+0 3.985307621671258e-3
1.9090909090909092e+0 0e+0 1.9090909090909092e+0 -3.991735537190083e-3 -7.620586025544704e-3 0e+0 0e+0 0e+0 0e+0 -1.9090909090909092e+0 1.9090909090909092e+0 3.991735537190083e-3
1.9393939393939394e+0 0e+0 1.9393939393939394e+0 -3.996326905417815e-3 -7.750452180204248e-3 0e+0 0e+0 0e+0 0e+0 -1.9393939393939394e+0 1.9393939393939394e+0 3.996326905417815e-3
1.9696969696969697e+0 0e+0 1.9696969696969697e+0 -3.999081726354454e-3 -7.876979157970894e-3 0e+0 0e+0 0e+0 0e+0 -1.9696969696969697e+0 1.9696969696969697e+0 3.999081726354454e-3
2e+0 0e+0 2e+0 -4e-3 -8e-3 0e+0 0e+0 0e+0 0e+0 -2e+0 2e+0 4e-3
2.0303030303030303e+0 0e+0 2.0303030303030303e+0 -4e-3 -8.121212121212121e-3 0e+0 0e+0 0e+0 0e+0 -2.0303030303030303e+0 2.0303030303030303e+0 4e-3
2.0606060606060606e+0 0e+0 2.0606060606060606e+0 -4e-3 -8.242424242424242e-3 0e+0 0e+0 0e+0 0e+0 -2.0606060606060606e+0 2.0606060606060606e+0 4e-3
2.090909090909091e+0 0e+0 2.090909090909091e+0 -4e-3 -8.363636363636363e-3 0e+0 0e+0 0e+0 0e+0 -2.090909090909091e+0 2.090909090909091e+0 4e-3
2.121212121212121e+0 0e+0 2.121212121212121e+0 -4e-3 -8.484848484848484e-3 0e+0 0e+0 0e+0 0e+0 -2.121212121212121e+0 2.121212121212121e+0 4e-3
2.1515151515151514e+0 0e+0 2.1515151515151514e+0 -4e-3 -8.606060606060605e-3 0e+0 0e+0 0e+0 0e+0 -2.1515151515151514e+0 2.1515151515151514e+0 4e-3
2.1818181818181817e+0 0e+0 2.1818181818181817e+0 -4e-3 -8.727272727272728e-3 0e+0 0e+0 0e+0 0e+0 -2.1818181818181817e+0 2.1818181818181817e+0 4e-3
2.2121212121212124e+0 0e+0 2.2121212121212124e+0 -4e-3 -8.84848484848485e-3 0e+0 0e+0 0e+0 0e+0 -2.2121212121212124e+0 2.2121212121212124e+0 4e-3
2.2424242424242427e+0 0e+0 2.2424242424242427e+0 -4e-3 -8.969696969696971e-3 0e+0 0e+0 0e+0 0e+0 -2.2424242424242427e+0 2.2424242424242427e+0 4e-3
2.272727272727273e+0 0e+0 2.272727272727273e+0 -4e-3 -9.090909090909092e-3 0e+0 0e+0 0e+0 0e+0 -2.272727272727273e+0 2.272727272727273e+0 4e-3
2.303030303030303e+0 0e+0 2.303030303030303e+0 -4e-3 -9.212121212121213e-3 0e+0 0e+0 0e+0 0e+0 -2.303030303030303e+0 2.303030303030303e+0 4e-3
2.3333333333333335e+0 0e+0 2.3333333333333335e+0 -4e-3 -9.333333333333334e-3 0e+0 0e+0 0e+0 0e+0 -2.3333333333333335e+0 2.3333333333333335e+0 4e-3
2.3636363636363638e+0 0e+0 2.3636363636363638e+0 -4e-3 -9.454545454545455e-3 0e+0 0e+0 0e+0 0e+0 -2.3636363636363638e+0 2.3636363636363638e+0 4e-3
2.393939393939394e+0 0e+0 2.393939393939394e+0 -4e-3 -9.575757575757576e-3 0e+0 0e+0 0e+0 0e+0 -2.393939393939394e+0 2.393939393939394e+0 4e-3
2.4242424242424243e+0 0e+0 2.4242424242424243e+0 -4e-3 -9.696969696969697e-3 0e+0 0e+0 0e+0 0e+0 -2.4242424242424243e+0 2.4242424242424243e+0 4e-3
2.4545454545454546e+0 0e+0 2.4545454545454546e+0 -4e-3 -9.818181818181818e-3 0e+0 0e+0 0e+0 0e+0 -2.4545454545454546e+0 2.4545454545454546e+0 4e-3
2.484848484848485e+0 0e+0 2.484848484848485e+0 -4e-3 -9.939393939393939e-3 0e+0 0e+0 0e+0 0e+0 -2.484848484848485e+0 2.484848484848485e+0 4e-3
2.515151515151515e+0 0e+0 2.515151515151515e+0 -4e-3 -1.0060606060606062e-2 0e+0 0e+0 0e+0 0e+0 -2.515151515151515e+0 2.515151515151515e+0 4e-3
2.5454545454545454e+0 0e+0 2.5454545454545454e+0 -4e-3 -1.0181818181818183e-2 0e+0 0e+0 0e+0 0e+0 -2.5454545454545454e+0 2.5454545454545454e+0 4e-3
2.5757575757575757e+0 0e+0 2.5757575757575757e+0 -4e-3 -1.0303030303030303e-2 0e+0 0e+0 0e+0 0e+0 -2.5757575757575757e+0 2.5757575757575757e+0 4e-3
2.606060606060606e+0 0e+0 2.606060606060606e+0 -4e-3 -1.0424242424242424e-2 0e+0 0e+0 0e+0 0e+0 -2.606060606060606e+0 2.606060606060606e+0 4e-3
2.6363636363636362e+0 0e+0 2.6363636363636362e+0 -4e-3 -1.0545454545454545e-2 0e+0 0e+0 0e+0 0e+0 -2.6363636363636362e+0 2.6363636363636362e+0 4e-3
2.666666666666667e+0 0e+0 2.666666666666667e+0 -4e-3 -1.0666666666666668e-2 0e+0 0e+0 0e+0 0e+0 -2.666666666666667e+0 2.666666666666667e+0 4e-3
2.6969696969696972e+0 0e+0 2.6969696969696972e+0 -4e-3 -1.0787878787878789e-2 0e+0 0e+0 0e+0 0e+0 -2.6969696969696972e+0 2.6969696969696972e+0 4e-3
2.7272727272727275e+0 0e+0 2.7272727272727275e+0 -4e-3 -1.090909090909091e-2 0e+0 0e+0 0e+0 0e+0 -2.7272727272727275e+0 2.7272727272727275e+0 4e-3
2.757575757575758e+0 0e+0 2.757575757575758e+0 -4e-3 -1.1030303030303031e-2 0e+0 0e+0 0e+0 0e+0 -2.757575757575758e+0 2.757575757575758e+0 4e-3
2.787878787878788e+0 0e+0 2.787878787878788e+0 -4e-3 -1.1151515151515152e-2 0e+0 0e+0 0e+0 0e+0 -2.787878787878788e+0 2.787878787878788e+0 4e-3
2.8181818181818183e+0 0e+0 2.8181818181818183e+0 -4e-3 -1.1272727272727273e-2 0e+0 0e+0 0e+0 0e+0 -2.8181818181818183e+0 2.8181818181818183e+0 4e-3
2.8484848484848486e+0 0e+0 2.8484848484848486e+0 -4e-3 -1.1393939393939395e-2 0e+0 0e+0 0e+0 0e+0 -2.8484848484848486e+0 2.8484848484848486e+0 4e-3
2.878787878787879e+0 0e+0 2.878787878787879e+0 -4e-3 -1.1515151515151516e-2 0e+0 0e+0 0e+0 0e+0 -2.878787878787879e+0 2.878787878787879e+0 4e-3
2.909090909090909e+0 0e+0 2.909090909090909e+0 -4e-3 -1.1636363636363637e-2 0e+0 0e+0 0e+0 0e+0 -2.909090909090909e+0 2.909090909090909e+0 4e-3
2.9393939393939394e+0 0e+0 2.9393939393939394e+0 -4e-3 -1.1757575757575758e-2 0e+0 0e+0 0e+0 0e+0 -2.9393939393939394e+0 2.9393939393939394e+0 4e-3
2.9696969696969697e+0 0e+0 2.9696969696969697e+0 -4e-3 -1.187878787878788e-2 0e+0 0e+0 0e+0 0e+0 -2.9696969696969697e+0 2.9696969696969697e+0 4e-3
3e+0 0e+0 3e+0 -4e-3 -1.2e-2 0e+0 0e+0 0e+0 0e+0 -3e+0 3e+0 4e-3