"Vgs=3"
+0.0000000000e+000 +3.0000000000e+000 +0.0000000000e+000 +0.0000000000e+000 +3.0000000000e+000 +0.0000000000e+000 +3.0000000000e+000 +3.0000000000e+000 +0.0000000000e+000 +0.0000000000e+000
+1.0101010101e-001 +3.0000000000e+000 +1.0101010101e-001 -1.9181716151e-003 +3.0000000000e+000 +0.0000000000e+000 +3.0000000000e+000 +2.8989898990e+000 +1.0101010101e-001 +1.9181716151e-003
+2.0202020202e-001 +3.0000000000e+000 +2.0202020202e-001 -3.6322824202e-003 +3.0000000000e+000 +0.0000000000e+000 +3.0000000000e+000 +2.7979797980e+000 +2.0202020202e-001 +3.6322824202e-003
+3.0303030303e-001 +3.0000000000e+000 +3.0303030303e-001 -5.1423324151e-003 +3.0000000000e+000 +0.0000000000e+000 +3.0000000000e+000 +2.6969696970e+000 +3.0303030303e-001 +5.1423324151e-003
+4.0404040404e-001 +3.0000000000e+000 +4.0404040404e-001 -6.4483215998e-003 +3.0000000000e+000 +0.0000000000e+000 +3.0000000000e+000 +2.5959595960e+000 +4.0404040404e-001 +6.4483215998e-003
+5.0505050505e-001 +3.0000000000e+000 +5.0505050505e-001 -7.5502499745e-003 +3.0000000000e+000 +0.0000000000e+000 +3.0000000000e+000 +2.4949494949e+000 +5.0505050505e-001 +7.5502499745e-003
+6.0606060606e-001 +3.0000000000e+000 +6.0606060606e-001 -8.4481175390e-003 +3.0000000000e+000 +0.0000000000e+000 +3.0000000000e+000 +2.3939393939e+000 +6.0606060606e-001 +8.4481175390e-003
+7.0707070707e-001 +3.0000000000e+000 +7.0707070707e-001 -9.1419242934e-003 +3.0000000000e+000 +0.0000000000e+000 +3.0000000000e+000 +2.2929292929e+000 +7.0707070707e-001 +9.1419242934e-003
+8.0808080808e-001 +3.0000000000e+000 +8.0808080808e-001 -9.6316702377e-003 +3.0000000000e+000 +0.0000000000e+000 +3.0000000000e+000 +2.1919191919e+000 +8.0808080808e-001 +9.6316702377e-003
+9.0909090909e-001 +3.0000000000e+000 +9.0909090909e-001 -9.9173553719e-003 +3.0000000000e+000 +0.0000000000e+000 +3.0000000000e+000 +2.0909090909e+000 +9.0909090909e-001 +9.9173553719e-003
+1.0101010101e+000 +3.0000000000e+000 +1.0101010101e+000 -1.0000000000e-002 +3.0000000000e+000 +0.0000000000e+000 +3.0000000000e+000 +1.9898989899e+000 +1.0101010101e+000 +1.0000000000e-002
+1.1111111111e+000 +3.0000000000e+000 +1.1111111111e+000 -1.0000000000e-002 +3.0000000000e+000 +0.0000000000e+000 +3.0000000000e+000 +1.8888888889e+000 +1.1111111111e+000 +1.0000000000e-002
+1.2121212121e+000 +3.0000000000e+000 +1.2121212121e+000 -1.0000000000e-002 +3.0000000000e+000 +0.0000000000e+000 +3.0000000000e+000 +1.7878787879e+000 +1.2121212121e+000 +1.0000000000e-002
+1.3131313131e+000 +3.0000000000e+000 +1.3131313131e+000 -1.0000000000e-002 +3.0000000000e+000 +0.0000000000e+000 +3.0000000000e+000 +1.6868686869e+000 +1.3131313131e+000 +1.0000000000e-002
+1.4141414141e+000 +3.0000000000e+000 +1.4141414141e+000 -1.0000000000e-002 +3.0000000000e+000 +0.0000000000e+000 +3.0000000000e+000 +1.5858585859e+000 +1.4141414141e+000 +1.0000000000e-002
+1.5151515152e+000 +3.0000000000e+000 +1.5151515152e+000 -1.0000000000e-002 +3.0000000000e+000 +0.0000000000e+000 +3.0000000000e+000 +1.4848484848e+000 +1.5151515152e+000 +1.0000000000e-002
+1.6161616162e+000 +3.0000000000e+000 +1.6161616162e+000 -1.0000000000e-002 +3.0000000000e+000 +0.0000000000e+000 +3.0000000000e+000 +1.3838383838e+000 +1.6161616162e+000 +1.0000000000e-002
+1.7171717172e+000 +3.0000000000e+000 +1.7171717172e+000 -1.0000000000e-002 +3.0000000000e+000 +0.0000000000e+000 +3.0000000000e+000 +1.2828282828e+000 +1.7171717172e+000 +1.0000000000e-002
+1.8181818182e+000 +3.0000000000e+000 +1.8181818182e+000 -1.0000000000e-002 +3.0000000000e+000 +0.0000000000e+000 +3.0000000000e+000 +1.1818181818e+000 +1.8181818182e+000 +1.0000000000e-002
+1.9191919192e+000 +3.0000000000e+000 +1.9191919192e+000 -1.0000000000e-002 +3.0000000000e+000 +0.0000000000e+000 +3.0000000000e+000 +1.0808080808e+000 +1.9191919192e+000 +1.0000000000e-002
+2.0202020202e+000 +3.0000000000e+000 +2.0202020202e+000 -1.0000000000e-002 +3.0000000000e+000 +0.0000000000e+000 +3.0000000000e+000 +9.7979797980e-001 +2.0202020202e+000 +1.0000000000e-002
+2.1212121212e+000 +3.0000000000e+000 +2.1212121212e+000 -1.0000000000e-002 +3.0000000000e+000 +0.0000000000e+000 +3.0000000000e+000 +8.7878787879e-001 +2.1212121212e+000 +1.0000000000e-002
+2.2222222222e+000 +3.0000000000e+000 +2.2222222222e+000 -1.0000000000e-002 +3.0000000000e+000 +0.0000000000e+000 +3.0000000000e+000 +7.7777777778e-001 +2.2222222222e+000 +1.0000000000e-002
+2.3232323232e+000 +3.0000000000e+000 +2.3232323232e+000 -1.0000000000e-002 +3.0000000000e+000 +0.0000000000e+000 +3.0000000000e+000 +6.7676767677e-001 +2.3232323232e+000 +1.0000000000e-002
+2.4242424242e+000 +3.0000000000e+000 +2.4242424242e+000 -1.0000000000e-002 +3.0000000000e+000 +0.0000000000e+000 +3.0000000000e+000 +5.7575757576e-001 +2.4242424242e+000 +1.0000000000e-002
+2.5252525253e+000 +3.0000000000e+000 +2.5252525253e+000 -1.0000000000e-002 +3.0000000000e+000 +0.0000000000e+000 +3.0000000000e+000 +4.7474747475e-001 +2.5252525253e+000 +1.0000000000e-002
+2.6262626263e+000 +3.0000000000e+000 +2.6262626263e+000 -1.0000000000e-002 +3.0000000000e+000 +0.0000000000e+000 +3.0000000000e+000 +3.7373737374e-001 +2.6262626263e+000 +1.0000000000e-002
+2.7272727273e+000 +3.0000000000e+000 +2.7272727273e+000 -1.0000000000e-002 +3.0000000000e+000 +0.0000000000e+000 +3.0000000000e+000 +2.7272727273e-001 +2.7272727273e+000 +1.0000000000e-002
+2.8282828283e+000 +3.0000000000e+000 +2.8282828283e+000 -1.0000000000e-002 +3.0000000000e+000 +0.0000000000e+000 +3.0000000000e+000 +1.7171717172e-001 +2.8282828283e+000 +1.0000000000e-002
+2.9292929293e+000 +3.0000000000e+000 +2.9292929293e+000 -1.0000000000e-002 +3.0000000000e+000 +0.0000000000e+000 +3.0000000000e+000 +7.0707070707e-002 +2.9292929293e+000 +1.0000000000e-002
+3.0303030303e+000 +3.0000000000e+000 +3.0303030303e+000 -1.0000000000e-002 +3.0000000000e+000 +0.0000000000e+000 +3.0000000000e+000 -3.0303030303e-002 +3.0303030303e+000 +1.0000000000e-002
+3.1313131313e+000 +3.0000000000e+000 +3.1313131313e+000 -1.0000000000e-002 +3.0000000000e+000 +0.0000000000e+000 +3.0000000000e+000 -1.3131313131e-001 +3.1313131313e+000 +1.0000000000e-002
+3.2323232323e+000 +3.0000000000e+000 +3.2323232323e+000 -1.0000000000e-002 +3.0000000000e+000 +0.0000000000e+000 +3.0000000000e+000 -2.3232323232e-001 +3.2323232323e+000 +1.0000000000e-002
+3.3333333333e+000 +3.0000000000e+000 +3.3333333333e+000 -1.0000000000e-002 +3.0000000000e+000 +0.0000000000e+000 +3.0000000000e+000 -3.3333333333e-001 +3.3333333333e+000 +1.0000000000e-002
+3.4343434343e+000 +3.0000000000e+000 +3.4343434343e+000 -1.0000000000e-002 +3.0000000000e+000 +0.0000000000e+000 +3.0000000000e+000 -4.3434343434e-001 +3.4343434343e+000 +1.0000000000e-002
+3.5353535354e+000 +3.0000000000e+000 +3.5353535354e+000 -1.0000000000e-002 +3.0000000000e+000 +0.0000000000e+000 +3.0000000000e+000 -5.3535353535e-001 +3.5353535354e+000 +1.0000000000e-002
+3.6363636364e+000 +3.0000000000e+000 +3.6363636364e+000 -1.0000000000e-002 +3.0000000000e+000 +0.0000000000e+000 +3.0000000000e+000 -6.3636363636e-001 +3.6363636364e+000 +1.0000000000e-002
+3.7373737374e+000 +3.0000000000e+000 +3.7373737374e+000 -1.0000000000e-002 +3.0000000000e+000 +0.0000000000e+000 +3.0000000000e+000 -7.3737373737e-001 +3.7373737374e+000 +1.0000000000e-002
+3.8383838384e+000 +3.0000000000e+000 +3.8383838384e+000 -1.0000000000e-002 +3.0000000000e+000 +0.0000000000e+000 +3.0000000000e+000 -8.3838383838e-001 +3.8383838384e+000 +1.0000000000e-002
+3.9393939394e+000 +3.0000000000e+000 +3.9393939394e+000 -1.0000000000e-002 +3.0000000000e+000 +0.0000000000e+000 +3.0000000000e+000 -9.3939393939e-001 +3.9393939394e+000 +1.0000000000e-002
+4.0404040404e+000 +3.0000000000e+000 +4.0404040404e+000 -1.0000000000e-002 +3.0000000000e+000 +0.0000000000e+000 +3.0000000000e+000 -1.0404040404e+000 +4.0404040404e+000 +1.0000000000e-002
+4.1414141414e+000 +3.0000000000e+000 +4.1414141414e+000 -1.0000000000e-002 +3.0000000000e+000 +0.0000000000e+000 +3.0000000000e+000 -1.1414141414e+000 +4.1414141414e+000 +1.0000000000e-002
+4.2424242424e+000 +3.0000000000e+000 +4.2424242424e+000 -1.0000000000e-002 +3.0000000000e+000 +0.0000000000e+000 +3.0000000000e+000 -1.2424242424e+000 +4.2424242424e+000 +1.0000000000e-002
+4.3434343434e+000 +3.0000000000e+000 +4.3434343434e+000 -1.0000000000e-002 +3.0000000000e+000 +0.0000000000e+000 +3.0000000000e+000 -1.3434343434e+000 +4.3434343434e+000 +1.0000000000e-002
+4.4444444444e+000 +3.0000000000e+000 +4.4444444444e+000 -1.0000000000e-002 +3.0000000000e+000 +0.0000000000e+000 +3.0000000000e+000 -1.4444444444e+000 +4.4444444444e+000 +1.0000000000e-002
+4.5454545455e+000 +3.0000000000e+000 +4.5454545455e+000 -1.0000000000e-002 +3.0000000000e+000 +0.0000000000e+000 +3.0000000000e+000 -1.5454545455e+000 +4.5454545455e+000 +1.0000000000e-002
+4.6464646465e+000 +3.0000000000e+000 +4.6464646465e+000 -1.0000000000e-002 +3.0000000000e+000 +0.0000000000e+000 +3.0000000000e+000 -1.6464646465e+000 +4.6464646465e+000 +1.0000000000e-002
+4.7474747475e+000 +3.0000000000e+000 +4.7474747475e+000 -1.0000000000e-002 +3.0000000000e+000 +0.0000000000e+000 +3.0000000000e+000 -1.7474747475e+000 +4.7474747475e+000 +1.0000000000e-002
+4.8484848485e+000 +3.0000000000e+000 +4.8484848485e+000 -1.0000000000e-002 +3.0000000000e+000 +0.0000000000e+000 +3.0000000000e+000 -1.8484848485e+000 +4.8484848485e+000 +1.0000000000e-002
+4.9494949495e+000 +3.0000000000e+000 +4.9494949495e+000 -1.0000000000e-002 +3.0000000000e+000 +0.0000000000e+000 +3.0000000000e+000 -1.9494949495e+000 +4.9494949495e+000 +1.0000000000e-002
+5.0505050505e+000 +3.0000000000e+000 +5.0505050505e+000 -1.0000000000e-002 +3.0000000000e+000 +0.0000000000e+000 +3.0000000000e+000 -2.0505050505e+000 +5.0505050505e+000 +1.0000000000e-002
+5.1515151515e+000 +3.0000000000e+000 +5.1515151515e+000 -1.0000000000e-002 +3.0000000000e+000 +0.0000000000e+000 +3.0000000000e+000 -2.1515151515e+000 +5.1515151515e+000 +1.0000000000e-002
+5.2525252525e+000 +3.0000000000e+000 +5.2525252525e+000 -1.0000000000e-002 +3.0000000000e+000 +0.0000000000e+000 +3.0000000000e+000 -2.2525252525e+000 +5.2525252525e+000 +1.0000000000e-002
+5.3535353535e+000 +3.0000000000e+000 +5.3535353535e+000 -1.0000000000e-002 +3.0000000000e+000 +0.0000000000e+000 +3.0000000000e+000 -2.3535353535e+000 +5.3535353535e+000 +1.0000000000e-002
+5.4545454545e+000 +3.0000000000e+000 +5.4545454545e+000 -1.0000000000e-002 +3.0000000000e+000 +0.0000000000e+000 +3.0000000000e+000 -2.4545454545e+000 +5.4545454545e+000 +1.0000000000e-002
+5.5555555556e+000 +3.0000000000e+000 +5.5555555556e+000 -1.0000000000e-002 +3.0000000000e+000 +0.0000000000e+000 +3.0000000000e+000 -2.5555555556e+000 +5.5555555556e+000 +1.0000000000e-002
+5.6565656566e+000 +3.0000000000e+000 +5.6565656566e+000 -1.0000000000e-002 +3.0000000000e+000 +0.0000000000e+000 +3.0000000000e+000 -2.6565656566e+000 +5.6565656566e+000 +1.0000000000e-002
+5.7575757576e+000 +3.0000000000e+000 +5.7575757576e+000 -1.0000000000e-002 +3.0000000000e+000 +0.0000000000e+000 +3.0000000000e+000 -2.7575757576e+000 +5.7575757576e+000 +1.0000000000e-002
+5.8585858586e+000 +3.0000000000e+000 +5.8585858586e+000 -1.0000000000e-002 +3.0000000000e+000 +0.0000000000e+000 +3.0000000000e+000 -2.8585858586e+000 +5.8585858586e+000 +1.0000000000e-002
+5.9595959596e+000 +3.0000000000e+000 +5.9595959596e+000 -1.0000000000e-002 +3.0000000000e+000 +0.0000000000e+000 +3.0000000000e+000 -2.9595959596e+000 +5.9595959596e+000 +1.0000000000e-002
+6.0606060606e+000 +3.0000000000e+000 +6.0606060606e+000 -1.0000000000e-002 +3.0000000000e+000 +0.0000000000e+000 +3.0000000000e+000 -3.0606060606e+000 +6.0606060606e+000 +1.0000000000e-002
+6.1616161616e+000 +3.0000000000e+000 +6.1616161616e+000 -1.0000000000e-002 +3.0000000000e+000 +0.0000000000e+000 +3.0000000000e+000 -3.1616161616e+000 +6.1616161616e+000 +1.0000000000e-002
+6.2626262626e+000 +3.0000000000e+000 +6.2626262626e+000 -1.0000000000e-002 +3.0000000000e+000 +0.0000000000e+000 +3.0000000000e+000 -3.2626262626e+000 +6.2626262626e+000 +1.0000000000e-002
+6.3636363636e+000 +3.0000000000e+000 +6.3636363636e+000 -1.0000000000e-002 +3.0000000000e+000 +0.0000000000e+000 +3.0000000000e+000 -3.3636363636e+000 +6.3636363636e+000 +1.0000000000e-002
+6.4646464646e+000 +3.0000000000e+000 +6.4646464646e+000 -1.0000000000e-002 +3.0000000000e+000 +0.0000000000e+000 +3.0000000000e+000 -3.4646464646e+000 +6.4646464646e+000 +1.0000000000e-002
+6.5656565657e+000 +3.0000000000e+000 +6.5656565657e+000 -1.0000000000e-002 +3.0000000000e+000 +0.0000000000e+000 +3.0000000000e+000 -3.5656565657e+000 +6.5656565657e+000 +1.0000000000e-002
+6.6666666667e+000 +3.0000000000e+000 +6.6666666667e+000 -1.0000000000e-002 +3.0000000000e+000 +0.0000000000e+000 +3.0000000000e+000 -3.6666666667e+000 +6.6666666667e+000 +1.0000000000e-002
+6.7676767677e+000 +3.0000000000e+000 +6.7676767677e+000 -1.0000000000e-002 +3.0000000000e+000 +0.0000000000e+000 +3.0000000000e+000 -3.7676767677e+000 +6.7676767677e+000 +1.0000000000e-002
+6.8686868687e+000 +3.0000000000e+000 +6.8686868687e+000 -1.0000000000e-002 +3.0000000000e+000 +0.0000000000e+000 +3.0000000000e+000 -3.8686868687e+000 +6.8686868687e+000 +1.0000000000e-002
+6.9696969697e+000 +3.0000000000e+000 +6.9696969697e+000 -1.0000000000e-002 +3.0000000000e+000 +0.0000000000e+000 +3.0000000000e+000 -3.9696969697e+000 +6.9696969697e+000 +1.0000000000e-002
+7.0707070707e+000 +3.0000000000e+000 +7.0707070707e+000 -1.0000000000e-002 +3.0000000000e+000 +0.0000000000e+000 +3.0000000000e+000 -4.0707070707e+000 +7.0707070707e+000 +1.0000000000e-002
+7.1717171717e+000 +3.0000000000e+000 +7.1717171717e+000 -1.0000000000e-002 +3.0000000000e+000 +0.0000000000e+000 +3.0000000000e+000 -4.1717171717e+000 +7.1717171717e+000 +1.0000000000e-002
+7.2727272727e+000 +3.0000000000e+000 +7.2727272727e+000 -1.0000000000e-002 +3.0000000000e+000 +0.0000000000e+000 +3.0000000000e+000 -4.2727272727e+000 +7.2727272727e+000 +1.0000000000e-002
+7.3737373737e+000 +3.0000000000e+000 +7.3737373737e+000 -1.0000000000e-002 +3.0000000000e+000 +0.0000000000e+000 +3.0000000000e+000 -4.3737373737e+000 +7.3737373737e+000 +1.0000000000e-002
+7.4747474747e+000 +3.0000000000e+000 +7.4747474747e+000 -1.0000000000e-002 +3.0000000000e+000 +0.0000000000e+000 +3.0000000000e+000 -4.4747474747e+000 +7.4747474747e+000 +1.0000000000e-002
+7.5757575758e+000 +3.0000000000e+000 +7.5757575758e+000 -1.0000000000e-002 +3.0000000000e+000 +0.0000000000e+000 +3.0000000000e+000 -4.5757575758e+000 +7.5757575758e+000 +1.0000000000e-002
+7.6767676768e+000 +3.0000000000e+000 +7.6767676768e+000 -1.0000000000e-002 +3.0000000000e+000 +0.0000000000e+000 +3.0000000000e+000 -4.6767676768e+000 +7.6767676768e+000 +1.0000000000e-002
+7.7777777778e+000 +3.0000000000e+000 +7.7777777778e+000 -1.0000000000e-002 +3.0000000000e+000 +0.0000000000e+000 +3.0000000000e+000 -4.7777777778e+000 +7.7777777778e+000 +1.0000000000e-002
+7.8787878788e+000 +3.0000000000e+000 +7.8787878788e+000 -1.0000000000e-002 +3.0000000000e+000 +0.0000000000e+000 +3.0000000000e+000 -4.8787878788e+000 +7.8787878788e+000 +1.0000000000e-002
+7.9797979798e+000 +3.0000000000e+000 +7.9797979798e+000 -1.0000000000e-002 +3.0000000000e+000 +0.0000000000e+000 +3.0000000000e+000 -4.9797979798e+000 +7.9797979798e+000 +1.0000000000e-002
+8.0808080808e+000 +3.0000000000e+000 +8.0808080808e+000 -1.0000000000e-002 +3.0000000000e+000 +0.0000000000e+000 +3.0000000000e+000 -5.0808080808e+000 +8.0808080808e+000 +1.0000000000e-002
+8.1818181818e+000 +3.0000000000e+000 +8.1818181818e+000 -1.0000000000e-002 +3.0000000000e+000 +0.0000000000e+000 +3.0000000000e+000 -5.1818181818e+000 +8.1818181818e+000 +1.0000000000e-002
+8.2828282828e+000 +3.0000000000e+000 +8.2828282828e+000 -1.0000000000e-002 +3.0000000000e+000 +0.0000000000e+000 +3.0000000000e+000 -5.2828282828e+000 +8.2828282828e+000 +1.0000000000e-002
+8.3838383838e+000 +3.0000000000e+000 +8.3838383838e+000 -1.0000000000e-002 +3.0000000000e+000 +0.0000000000e+000 +3.0000000000e+000 -5.3838383838e+000 +8.3838383838e+000 +1.0000000000e-002
+8.4848484848e+000 +3.0000000000e+000 +8.4848484848e+000 -1.0000000000e-002 +3.0000000000e+000 +0.0000000000e+000 +3.0000000000e+000 -5.4848484848e+000 +8.4848484848e+000 +1.0000000000e-002
+8.5858585859e+000 +3.0000000000e+000 +8.5858585859e+000 -1.0000000000e-002 +3.0000000000e+000 +0.0000000000e+000 +3.0000000000e+000 -5.5858585859e+000 +8.5858585859e+000 +1.0000000000e-002
+8.6868686869e+000 +3.0000000000e+000 +8.6868686869e+000 -1.0000000000e-002 +3.0000000000e+000 +0.0000000000e+000 +3.0000000000e+000 -5.6868686869e+000 +8.6868686869e+000 +1.0000000000e-002
+8.7878787879e+000 +3.0000000000e+000 +8.7878787879e+000 -1.0000000000e-002 +3.0000000000e+000 +0.0000000000e+000 +3.0000000000e+000 -5.7878787879e+000 +8.7878787879e+000 +1.0000000000e-002
+8.8888888889e+000 +3.0000000000e+000 +8.8888888889e+000 -1.0000000000e-002 +3.0000000000e+000 +0.0000000000e+000 +3.0000000000e+000 -5.8888888889e+000 +8.8888888889e+000 +1.0000000000e-002
+8.9898989899e+000 +3.0000000000e+000 +8.9898989899e+000 -1.0000000000e-002 +3.0000000000e+000 +0.0000000000e+000 +3.0000000000e+000 -5.9898989899e+000 +8.9898989899e+000 +1.0000000000e-002
+9.0909090909e+000 +3.0000000000e+000 +9.0909090909e+000 -1.0000000000e-002 +3.0000000000e+000 +0.0000000000e+000 +3.0000000000e+000 -6.0909090909e+000 +9.0909090909e+000 +1.0000000000e-002
+9.1919191919e+000 +3.0000000000e+000 +9.1919191919e+000 -1.0000000000e-002 +3.0000000000e+000 +0.0000000000e+000 +3.0000000000e+000 -6.1919191919e+000 +9.1919191919e+000 +1.0000000000e-002
+9.2929292929e+000 +3.0000000000e+000 +9.2929292929e+000 -1.0000000000e-002 +3.0000000000e+000 +0.0000000000e+000 +3.0000000000e+000 -6.2929292929e+000 +9.2929292929e+000 +1.0000000000e-002
+9.3939393939e+000 +3.0000000000e+000 +9.3939393939e+000 -1.0000000000e-002 +3.0000000000e+000 +0.0000000000e+000 +3.0000000000e+000 -6.3939393939e+000 +9.3939393939e+000 +1.0000000000e-002
+9.4949494949e+000 +3.0000000000e+000 +9.4949494949e+000 -1.0000000000e-002 +3.0000000000e+000 +0.0000000000e+000 +3.0000000000e+000 -6.4949494949e+000 +9.4949494949e+000 +1.0000000000e-002
+9.5959595960e+000 +3.0000000000e+000 +9.5959595960e+000 -1.0000000000e-002 +3.0000000000e+000 +0.0000000000e+000 +3.0000000000e+000 -6.5959595960e+000 +9.5959595960e+000 +1.0000000000e-002
+9.6969696970e+000 +3.0000000000e+000 +9.6969696970e+000 -1.0000000000e-002 +3.0000000000e+000 +0.0000000000e+000 +3.0000000000e+000 -6.6969696970e+000 +9.6969696970e+000 +1.0000000000e-002
+9.7979797980e+000 +3.0000000000e+000 +9.7979797980e+000 -1.0000000000e-002 +3.0000000000e+000 +0.0000000000e+000 +3.0000000000e+000 -6.7979797980e+000 +9.7979797980e+000 +1.0000000000e-002
+9.8989898990e+000 +3.0000000000e+000 +9.8989898990e+000 -1.0000000000e-002 +3.0000000000e+000 +0.0000000000e+000 +3.0000000000e+000 -6.8989898990e+000 +9.8989898990e+000 +1.0000000000e-002
+1.0000000000e+001 +3.0000000000e+000 +1.0000000000e+001 -1.0000000000e-002 +3.0000000000e+000 +0.0000000000e+000 +3.0000000000e+000 -7.0000000000e+000 +1.0000000000e+001 +1.0000000000e-002


"Vgs=4.75"
+0.0000000000e+000 +4.7500000000e+000 +0.0000000000e+000 +0.0000000000e+000 +4.7500000000e+000 +0.0000000000e+000 +4.7500000000e+000 +4.7500000000e+000 +0.0000000000e+000 +0.0000000000e+000
+1.0101010101e-001 +4.7500000000e+000 +1.0101010101e-001 -5.4535251505e-003 +4.7500000000e+000 +0.0000000000e+000 +4.7500000000e+000 +4.6489898990e+000 +1.0101010101e-001 +5.4535251505e-003
+2.0202020202e-001 +4.7500000000e+000 +2.0202020202e-001 -1.0702989491e-002 +4.7500000000e+000 +0.0000000000e+000 +4.7500000000e+000 +4.5479797980e+000 +2.0202020202e-001 +1.0702989491e-002
+3.0303030303e-001 +4.7500000000e+000 +3.0303030303e-001 -1.5748393021e-002 +4.7500000000e+000 +0.0000000000e+000 +4.7500000000e+000 +4.4469696970e+000 +3.0303030303e-001 +1.5748393021e-002
+4.0404040404e-001 +4.7500000000e+000 +4.0404040404e-001 -2.0589735741e-002 +4.7500000000e+000 +0.0000000000e+000 +4.7500000000e+000 +4.3459595960e+000 +4.0404040404e-001 +2.0589735741e-002
+5.0505050505e-001 +4.7500000000e+000 +5.0505050505e-001 -2.5227017651e-002 +4.7500000000e+000 +0.0000000000e+000 +4.7500000000e+000 +4.2449494949e+000 +5.0505050505e-001 +2.5227017651e-002
+6.0606060606e-001 +4.7500000000e+000 +6.0606060606e-001 -2.9660238751e-002 +4.7500000000e+000 +0.0000000000e+000 +4.7500000000e+000 +4.1439393939e+000 +6.0606060606e-001 +2.9660238751e-002
+7.0707070707e-001 +4.7500000000e+000 +7.0707070707e-001 -3.3889399041e-002 +4.7500000000e+000 +0.0000000000e+000 +4.7500000000e+000 +4.0429292929e+000 +7.0707070707e-001 +3.3889399041e-002
+8.0808080808e-001 +4.7500000000e+000 +8.0808080808e-001 -3.7914498521e-002 +4.7500000000e+000 +0.0000000000e+000 +4.7500000000e+000 +3.9419191919e+000 +8.0808080808e-001 +3.7914498521e-002
+9.0909090909e-001 +4.7500000000e+000 +9.0909090909e-001 -4.1735537190e-002 +4.7500000000e+000 +0.0000000000e+000 +4.7500000000e+000 +3.8409090909e+000 +9.0909090909e-001 +4.1735537190e-002
+1.0101010101e+000 +4.7500000000e+000 +1.0101010101e+000 -4.5352515049e-002 +4.7500000000e+000 +0.0000000000e+000 +4.7500000000e+000 +3.7398989899e+000 +1.0101010101e+000 +4.5352515049e-002
+1.1111111111e+000 +4.7500000000e+000 +1.1111111111e+000 -4.8765432099e-002 +4.7500000000e+000 +0.0000000000e+000 +4.7500000000e+000 +3.6388888889e+000 +1.1111111111e+000 +4.8765432099e-002
+1.2121212121e+000 +4.7500000000e+000 +1.2121212121e+000 -5.1974288338e-002 +4.7500000000e+000 +0.0000000000e+000 +4.7500000000e+000 +3.5378787879e+000 +1.2121212121e+000 +5.1974288338e-002
+1.3131313131e+000 +4.7500000000e+000 +1.3131313131e+000 -5.4979083767e-002 +4.7500000000e+000 +0.0000000000e+000 +4.7500000000e+000 +3.4368686869e+000 +1.3131313131e+000 +5.4979083767e-002
+1.4141414141e+000 +4.7500000000e+000 +1.4141414141e+000 -5.7779818386e-002 +4.7500000000e+000 +0.0000000000e+000 +4.7500000000e+000 +3.3358585859e+000 +1.4141414141e+000 +5.7779818386e-002
+1.5151515152e+000 +4.7500000000e+000 +1.5151515152e+000 -6.0376492195e-002 +4.7500000000e+000 +0.0000000000e+000 +4.7500000000e+000 +3.2348484848e+000 +1.5151515152e+000 +6.0376492195e-002
+1.6161616162e+000 +4.7500000000e+000 +1.6161616162e+000 -6.2769105193e-002 +4.7500000000e+000 +0.0000000000e+000 +4.7500000000e+000 +3.1338383838e+000 +1.6161616162e+000 +6.2769105193e-002
+1.7171717172e+000 +4.7500000000e+000 +1.7171717172e+000 -6.4957657382e-002 +4.7500000000e+000 +0.0000000000e+000 +4.7500000000e+000 +3.0328282828e+000 +1.7171717172e+000 +6.4957657382e-002
+1.8181818182e+000 +4.7500000000e+000 +1.8181818182e+000 -6.6942148760e-002 +4.7500000000e+000 +0.0000000000e+000 +4.7500000000e+000 +2.9318181818e+000 +1.8181818182e+000 +6.6942148760e-002
+1.9191919192e+000 +4.7500000000e+000 +1.9191919192e+000 -6.8722579329e-002 +4.7500000000e+000 +0.0000000000e+000 +4.7500000000e+000 +2.8308080808e+000 +1.9191919192e+000 +6.8722579329e-002
+2.0202020202e+000 +4.7500000000e+000 +2.0202020202e+000 -7.0298949087e-002 +4.7500000000e+000 +0.0000000000e+000 +4.7500000000e+000 +2.7297979798e+000 +2.0202020202e+000 +7.0298949087e-002
+2.1212121212e+000 +4.7500000000e+000 +2.1212121212e+000 -7.1671258035e-002 +4.7500000000e+000 +0.0000000000e+000 +4.7500000000e+000 +2.6287878788e+000 +2.1212121212e+000 +7.1671258035e-002
+2.2222222222e+000 +4.7500000000e+000 +2.2222222222e+000 -7.2839506173e-002 +4.7500000000e+000 +0.0000000000e+000 +4.7500000000e+000 +2.5277777778e+000 +2.2222222222e+000 +7.2839506173e-002
+2.3232323232e+000 +4.7500000000e+000 +2.3232323232e+000 -7.3803693501e-002 +4.7500000000e+000 +0.0000000000e+000 +4.7500000000e+000 +2.4267676768e+000 +2.3232323232e+000 +7.3803693501e-002
+2.4242424242e+000 +4.7500000000e+000 +2.4242424242e+000 -7.4563820018e-002 +4.7500000000e+000 +0.0000000000e+000 +4.7500000000e+000 +2.3257575758e+000 +2.4242424242e+000 +7.4563820018e-002
+2.5252525253e+000 +4.7500000000e+000 +2.5252525253e+000 -7.5119885726e-002 +4.7500000000e+000 +0.0000000000e+000 +4.7500000000e+000 +2.2247474747e+000 +2.5252525253e+000 +7.5119885726e-002
+2.6262626263e+000 +4.7500000000e+000 +2.6262626263e+000 -7.5471890623e-002 +4.7500000000e+000 +0.0000000000e+000 +4.7500000000e+000 +2.1237373737e+000 +2.6262626263e+000 +7.5471890623e-002
+2.7272727273e+000 +4.7500000000e+000 +2.7272727273e+000 -7.5619834711e-002 +4.7500000000e+000 +0.0000000000e+000 +4.7500000000e+000 +2.0227272727e+000 +2.7272727273e+000 +7.5619834711e-002
+2.8282828283e+000 +4.7500000000e+000 +2.8282828283e+000 -7.5625000000e-002 +4.7500000000e+000 +0.0000000000e+000 +4.7500000000e+000 +1.9217171717e+000 +2.8282828283e+000 +7.5625000000e-002
+2.9292929293e+000 +4.7500000000e+000 +2.9292929293e+000 -7.5625000000e-002 +4.7500000000e+000 +0.0000000000e+000 +4.7500000000e+000 +1.8207070707e+000 +2.9292929293e+000 +7.5625000000e-002
+3.0303030303e+000 +4.7500000000e+000 +3.0303030303e+000 -7.5625000000e-002 +4.7500000000e+000 +0.0000000000e+000 +4.7500000000e+000 +1.7196969697e+000 +3.0303030303e+000 +7.5625000000e-002
+3.1313131313e+000 +4.7500000000e+000 +3.1313131313e+000 -7.5625000000e-002 +4.7500000000e+000 +0.0000000000e+000 +4.7500000000e+000 +1.6186868687e+000 +3.1313131313e+000 +7.5625000000e-002
+3.2323232323e+000 +4.7500000000e+000 +3.2323232323e+000 -7.5625000000e-002 +4.7500000000e+000 +0.0000000000e+000 +4.7500000000e+000 +1.5176767677e+000 +3.2323232323e+000 +7.5625000000e-002
+3.3333333333e+000 +4.7500000000e+000 +3.3333333333e+000 -7.5625000000e-002 +4.7500000000e+000 +0.0000000000e+000 +4.7500000000e+000 +1.4166666667e+000 +3.3333333333e+000 +7.5625000000e-002
+3.4343434343e+000 +4.7500000000e+000 +3.4343434343e+000 -7.5625000000e-002 +4.7500000000e+000 +0.0000000000e+000 +4.7500000000e+000 +1.3156565657e+000 +3.4343434343e+000 +7.5625000000e-002
+3.5353535354e+000 +4.7500000000e+000 +3.5353535354e+000 -7.5625000000e-002 +4.7500000000e+000 +0.0000000000e+000 +4.7500000000e+000 +1.2146464646e+000 +3.5353535354e+000 +7.5625000000e-002
+3.6363636364e+000 +4.7500000000e+000 +3.6363636364e+000 -7.5625000000e-002 +4.7500000000e+000 +0.0000000000e+000 +4.7500000000e+000 +1.1136363636e+000 +3.6363636364e+000 +7.5625000000e-002
+3.7373737374e+000 +4.7500000000e+000 +3.7373737374e+000 -7.5625000000e-002 +4.7500000000e+000 +0.0000000000e+000 +4.7500000000e+000 +1.0126262626e+000 +3.7373737374e+000 +7.5625000000e-002
+3.8383838384e+000 +4.7500000000e+000 +3.8383838384e+000 -7.5625000000e-002 +4.7500000000e+000 +0.0000000000e+000 +4.7500000000e+000 +9.1161616162e-001 +3.8383838384e+000 +7.5625000000e-002
+3.9393939394e+000 +4.7500000000e+000 +3.9393939394e+000 -7.5625000000e-002 +4.7500000000e+000 +0.0000000000e+000 +4.7500000000e+000 +8.1060606061e-001 +3.9393939394e+000 +7.5625000000e-002
+4.0404040404e+000 +4.7500000000e+000 +4.0404040404e+000 -7.5625000000e-002 +4.7500000000e+000 +0.0000000000e+000 +4.7500000000e+000 +7.0959595960e-001 +4.0404040404e+000 +7.5625000000e-002
+4.1414141414e+000 +4.7500000000e+000 +4.1414141414e+000 -7.5625000000e-002 +4.7500000000e+000 +0.0000000000e+000 +4.7500000000e+000 +6.0858585859e-001 +4.1414141414e+000 +7.5625000000e-002
+4.2424242424e+000 +4.7500000000e+000 +4.2424242424e+000 -7.5625000000e-002 +4.7500000000e+000 +0.0000000000e+000 +4.7500000000e+000 +5.0757575758e-001 +4.2424242424e+000 +7.5625000000e-002
+4.3434343434e+000 +4.7500000000e+000 +4.3434343434e+000 -7.5625000000e-002 +4.7500000000e+000 +0.0000000000e+000 +4.7500000000e+000 +4.0656565657e-001 +4.3434343434e+000 +7.5625000000e-002
+4.4444444444e+000 +4.7500000000e+000 +4.4444444444e+000 -7.5625000000e-002 +4.7500000000e+000 +0.0000000000e+000 +4.7500000000e+000 +3.0555555556e-001 +4.4444444444e+000 +7.5625000000e-002
+4.5454545455e+000 +4.7500000000e+000 +4.5454545455e+000 -7.5625000000e-002 +4.7500000000e+000 +0.0000000000e+000 +4.7500000000e+000 +2.0454545455e-001 +4.5454545455e+000 +7.5625000000e-002
+4.6464646465e+000 +4.7500000000e+000 +4.6464646465e+000 -7.5625000000e-002 +4.7500000000e+000 +0.0000000000e+000 +4.7500000000e+000 +1.0353535354e-001 +4.6464646465e+000 +7.5625000000e-002
+4.7474747475e+000 +4.7500000000e+000 +4.7474747475e+000 -7.5625000000e-002 +4.7500000000e+000 +0.0000000000e+000 +4.7500000000e+000 +2.5252525253e-003 +4.7474747475e+000 +7.5625000000e-002
+4.8484848485e+000 +4.7500000000e+000 +4.8484848485e+000 -7.5625000000e-002 +4.7500000000e+000 +0.0000000000e+000 +4.7500000000e+000 -9.8484848485e-002 +4.8484848485e+000 +7.5625000000e-002
+4.9494949495e+000 +4.7500000000e+000 +4.9494949495e+000 -7.5625000000e-002 +4.7500000000e+000 +0.0000000000e+000 +4.7500000000e+000 -1.9949494949e-001 +4.9494949495e+000 +7.5625000000e-002
+5.0505050505e+000 +4.7500000000e+000 +5.0505050505e+000 -7.5625000000e-002 +4.7500000000e+000 +0.0000000000e+000 +4.7500000000e+000 -3.0050505051e-001 +5.0505050505e+000 +7.5625000000e-002
+5.1515151515e+000 +4.7500000000e+000 +5.1515151515e+000 -7.5625000000e-002 +4.7500000000e+000 +0.0000000000e+000 +4.7500000000e+000 -4.0151515152e-001 +5.1515151515e+000 +7.5625000000e-002
+5.2525252525e+000 +4.7500000000e+000 +5.2525252525e+000 -7.5625000000e-002 +4.7500000000e+000 +0.0000000000e+000 +4.7500000000e+000 -5.0252525253e-001 +5.2525252525e+000 +7.5625000000e-002
+5.3535353535e+000 +4.7500000000e+000 +5.3535353535e+000 -7.5625000000e-002 +4.7500000000e+000 +0.0000000000e+000 +4.7500000000e+000 -6.0353535354e-001 +5.3535353535e+000 +7.5625000000e-002
+5.4545454545e+000 +4.7500000000e+000 +5.4545454545e+000 -7.5625000000e-002 +4.7500000000e+000 +0.0000000000e+000 +4.7500000000e+000 -7.0454545455e-001 +5.4545454545e+000 +7.5625000000e-002
+5.5555555556e+000 +4.7500000000e+000 +5.5555555556e+000 -7.5625000000e-002 +4.7500000000e+000 +0.0000000000e+000 +4.7500000000e+000 -8.0555555556e-001 +5.5555555556e+000 +7.5625000000e-002
+5.6565656566e+000 +4.7500000000e+000 +5.6565656566e+000 -7.5625000000e-002 +4.7500000000e+000 +0.0000000000e+000 +4.7500000000e+000 -9.0656565657e-001 +5.6565656566e+000 +7.5625000000e-002
+5.7575757576e+000 +4.7500000000e+000 +5.7575757576e+000 -7.5625000000e-002 +4.7500000000e+000 +0.0000000000e+000 +4.7500000000e+000 -1.0075757576e+000 +5.7575757576e+000 +7.5625000000e-002
+5.8585858586e+000 +4.7500000000e+000 +5.8585858586e+000 -7.5625000000e-002 +4.7500000000e+000 +0.0000000000e+000 +4.7500000000e+000 -1.1085858586e+000 +5.8585858586e+000 +7.5625000000e-002
+5.9595959596e+000 +4.7500000000e+000 +5.9595959596e+000 -7.5625000000e-002 +4.7500000000e+000 +0.0000000000e+000 +4.7500000000e+000 -1.2095959596e+000 +5.9595959596e+000 +7.5625000000e-002
+6.0606060606e+000 +4.7500000000e+000 +6.0606060606e+000 -7.5625000000e-002 +4.7500000000e+000 +0.0000000000e+000 +4.7500000000e+000 -1.3106060606e+000 +6.0606060606e+000 +7.5625000000e-002
+6.1616161616e+000 +4.7500000000e+000 +6.1616161616e+000 -7.5625000000e-002 +4.7500000000e+000 +0.0000000000e+000 +4.7500000000e+000 -1.4116161616e+000 +6.1616161616e+000 +7.5625000000e-002
+6.2626262626e+000 +4.7500000000e+000 +6.2626262626e+000 -7.5625000000e-002 +4.7500000000e+000 +0.0000000000e+000 +4.7500000000e+000 -1.5126262626e+000 +6.2626262626e+000 +7.5625000000e-002
+6.3636363636e+000 +4.7500000000e+000 +6.3636363636e+000 -7.5625000000e-002 +4.7500000000e+000 +0.0000000000e+000 +4.7500000000e+000 -1.6136363636e+000 +6.3636363636e+000 +7.5625000000e-002
+6.4646464646e+000 +4.7500000000e+000 +6.4646464646e+000 -7.5625000000e-002 +4.7500000000e+000 +0.0000000000e+000 +4.7500000000e+000 -1.7146464646e+000 +6.4646464646e+000 +7.5625000000e-002
+6.5656565657e+000 +4.7500000000e+000 +6.5656565657e+000 -7.5625000000e-002 +4.7500000000e+000 +0.0000000000e+000 +4.7500000000e+000 -1.8156565657e+000 +6.5656565657e+000 +7.5625000000e-002
+6.6666666667e+000 +4.7500000000e+000 +6.6666666667e+000 -7.5625000000e-002 +4.7500000000e+000 +0.0000000000e+000 +4.7500000000e+000 -1.9166666667e+000 +6.6666666667e+000 +7.5625000000e-002
+6.7676767677e+000 +4.7500000000e+000 +6.7676767677e+000 -7.5625000000e-002 +4.7500000000e+000 +0.0000000000e+000 +4.7500000000e+000 -2.0176767677e+000 +6.7676767677e+000 +7.5625000000e-002
+6.8686868687e+000 +4.7500000000e+000 +6.8686868687e+000 -7.5625000000e-002 +4.7500000000e+000 +0.0000000000e+000 +4.7500000000e+000 -2.1186868687e+000 +6.8686868687e+000 +7.5625000000e-002
+6.9696969697e+000 +4.7500000000e+000 +6.9696969697e+000 -7.5625000000e-002 +4.7500000000e+000 +0.0000000000e+000 +4.7500000000e+000 -2.2196969697e+000 +6.9696969697e+000 +7.5625000000e-002
+7.0707070707e+000 +4.7500000000e+000 +7.0707070707e+000 -7.5625000000e-002 +4.7500000000e+000 +0.0000000000e+000 +4.7500000000e+000 -2.3207070707e+000 +7.0707070707e+000 +7.5625000000e-002
+7.1717171717e+000 +4.7500000000e+000 +7.1717171717e+000 -7.5625000000e-002 +4.7500000000e+000 +0.0000000000e+000 +4.7500000000e+000 -2.4217171717e+000 +7.1717171717e+000 +7.5625000000e-002
+7.2727272727e+000 +4.7500000000e+000 +7.2727272727e+000 -7.5625000000e-002 +4.7500000000e+000 +0.0000000000e+000 +4.7500000000e+000 -2.5227272727e+000 +7.2727272727e+000 +7.5625000000e-002
+7.3737373737e+000 +4.7500000000e+000 +7.3737373737e+000 -7.5625000000e-002 +4.7500000000e+000 +0.0000000000e+000 +4.7500000000e+000 -2.6237373737e+000 +7.3737373737e+000 +7.5625000000e-002
+7.4747474747e+000 +4.7500000000e+000 +7.4747474747e+000 -7.5625000000e-002 +4.7500000000e+000 +0.0000000000e+000 +4.7500000000e+000 -2.7247474747e+000 +7.4747474747e+000 +7.5625000000e-002
+7.5757575758e+000 +4.7500000000e+000 +7.5757575758e+000 -7.5625000000e-002 +4.7500000000e+000 +0.0000000000e+000 +4.7500000000e+000 -2.8257575758e+000 +7.5757575758e+000 +7.5625000000e-002
+7.6767676768e+000 +4.7500000000e+000 +7.6767676768e+000 -7.5625000000e-002 +4.7500000000e+000 +0.0000000000e+000 +4.7500000000e+000 -2.9267676768e+000 +7.6767676768e+000 +7.5625000000e-002
+7.7777777778e+000 +4.7500000000e+000 +7.7777777778e+000 -7.5625000000e-002 +4.7500000000e+000 +0.0000000000e+000 +4.7500000000e+000 -3.0277777778e+000 +7.7777777778e+000 +7.5625000000e-002
+7.8787878788e+000 +4.7500000000e+000 +7.8787878788e+000 -7.5625000000e-002 +4.7500000000e+000 +0.0000000000e+000 +4.7500000000e+000 -3.1287878788e+000 +7.8787878788e+000 +7.5625000000e-002
+7.9797979798e+000 +4.7500000000e+000 +7.9797979798e+000 -7.5625000000e-002 +4.7500000000e+000 +0.0000000000e+000 +4.7500000000e+000 -3.2297979798e+000 +7.9797979798e+000 +7.5625000000e-002
+8.0808080808e+000 +4.7500000000e+000 +8.0808080808e+000 -7.5625000000e-002 +4.7500000000e+000 +0.0000000000e+000 +4.7500000000e+000 -3.3308080808e+000 +8.0808080808e+000 +7.5625000000e-002
+8.1818181818e+000 +4.7500000000e+000 +8.1818181818e+000 -7.5625000000e-002 +4.7500000000e+000 +0.0000000000e+000 +4.7500000000e+000 -3.4318181818e+000 +8.1818181818e+000 +7.5625000000e-002
+8.2828282828e+000 +4.7500000000e+000 +8.2828282828e+000 -7.5625000000e-002 +4.7500000000e+000 +0.0000000000e+000 +4.7500000000e+000 -3.5328282828e+000 +8.2828282828e+000 +7.5625000000e-002
+8.3838383838e+000 +4.7500000000e+000 +8.3838383838e+000 -7.5625000000e-002 +4.7500000000e+000 +0.0000000000e+000 +4.7500000000e+000 -3.6338383838e+000 +8.3838383838e+000 +7.5625000000e-002
+8.4848484848e+000 +4.7500000000e+000 +8.4848484848e+000 -7.5625000000e-002 +4.7500000000e+000 +0.0000000000e+000 +4.7500000000e+000 -3.7348484848e+000 +8.4848484848e+000 +7.5625000000e-002
+8.5858585859e+000 +4.7500000000e+000 +8.5858585859e+000 -7.5625000000e-002 +4.7500000000e+000 +0.0000000000e+000 +4.7500000000e+000 -3.8358585859e+000 +8.5858585859e+000 +7.5625000000e-002
+8.6868686869e+000 +4.7500000000e+000 +8.6868686869e+000 -7.5625000000e-002 +4.7500000000e+000 +0.0000000000e+000 +4.7500000000e+000 -3.9368686869e+000 +8.6868686869e+000 +7.5625000000e-002
+8.7878787879e+000 +4.7500000000e+000 +8.7878787879e+000 -7.5625000000e-002 +4.7500000000e+000 +0.0000000000e+000 +4.7500000000e+000 -4.0378787879e+000 +8.7878787879e+000 +7.5625000000e-002
+8.8888888889e+000 +4.7500000000e+000 +8.8888888889e+000 -7.5625000000e-002 +4.7500000000e+000 +0.0000000000e+000 +4.7500000000e+000 -4.1388888889e+000 +8.8888888889e+000 +7.5625000000e-002
+8.9898989899e+000 +4.7500000000e+000 +8.9898989899e+000 -7.5625000000e-002 +4.7500000000e+000 +0.0000000000e+000 +4.7500000000e+000 -4.2398989899e+000 +8.9898989899e+000 +7.5625000000e-002
+9.0909090909e+000 +4.7500000000e+000 +9.0909090909e+000 -7.5625000000e-002 +4.7500000000e+000 +0.0000000000e+000 +4.7500000000e+000 -4.3409090909e+000 +9.0909090909e+000 +7.5625000000e-002
+9.1919191919e+000 +4.7500000000e+000 +9.1919191919e+000 -7.5625000000e-002 +4.7500000000e+000 +0.0000000000e+000 +4.7500000000e+000 -4.4419191919e+000 +9.1919191919e+000 +7.5625000000e-002
+9.2929292929e+000 +4.7500000000e+000 +9.2929292929e+000 -7.5625000000e-002 +4.7500000000e+000 +0.0000000000e+000 +4.7500000000e+000 -4.5429292929e+000 +9.2929292929e+000 +7.5625000000e-002
+9.3939393939e+000 +4.7500000000e+000 +9.3939393939e+000 -7.5625000000e-002 +4.7500000000e+000 +0.0000000000e+000 +4.7500000000e+000 -4.6439393939e+000 +9.3939393939e+000 +7.5625000000e-002
+9.4949494949e+000 +4.7500000000e+000 +9.4949494949e+000 -7.5625000000e-002 +4.7500000000e+000 +0.0000000000e+000 +4.7500000000e+000 -4.7449494949e+000 +9.4949494949e+000 +7.5625000000e-002
+9.5959595960e+000 +4.7500000000e+000 +9.5959595960e+000 -7.5625000000e-002 +4.7500000000e+000 +0.0000000000e+000 +4.7500000000e+000 -4.8459595960e+000 +9.5959595960e+000 +7.5625000000e-002
+9.6969696970e+000 +4.7500000000e+000 +9.6969696970e+000 -7.5625000000e-002 +4.7500000000e+000 +0.0000000000e+000 +4.7500000000e+000 -4.9469696970e+000 +9.6969696970e+000 +7.5625000000e-002
+9.7979797980e+000 +4.7500000000e+000 +9.7979797980e+000 -7.5625000000e-002 +4.7500000000e+000 +0.0000000000e+000 +4.7500000000e+000 -5.0479797980e+000 +9.7979797980e+000 +7.5625000000e-002
+9.8989898990e+000 +4.7500000000e+000 +9.8989898990e+000 -7.5625000000e-002 +4.7500000000e+000 +0.0000000000e+000 +4.7500000000e+000 -5.1489898990e+000 +9.8989898990e+000 +7.5625000000e-002
+1.0000000000e+001 +4.7500000000e+000 +1.0000000000e+001 -7.5625000000e-002 +4.7500000000e+000 +0.0000000000e+000 +4.7500000000e+000 -5.2500000000e+000 +1.0000000000e+001 +7.5625000000e-002


"Vgs=6.5"
+0.0000000000e+000 +6.5000000000e+000 +0.0000000000e+000 +0.0000000000e+000 +6.5000000000e+000 +0.0000000000e+000 +6.5000000000e+000 +6.5000000000e+000 +0.0000000000e+000 +0.0000000000e+000
+1.0101010101e-001 +6.5000000000e+000 +1.0101010101e-001 -8.9888786858e-003 +6.5000000000e+000 +0.0000000000e+000 +6.5000000000e+000 +6.3989898990e+000 +1.0101010101e-001 +8.9888786858e-003
+2.0202020202e-001 +6.5000000000e+000 +2.0202020202e-001 -1.7773696562e-002 +6.5000000000e+000 +0.0000000000e+000 +6.5000000000e+000 +6.2979797980e+000 +2.0202020202e-001 +1.7773696562e-002
+3.0303030303e-001 +6.5000000000e+000 +3.0303030303e-001 -2.6354453627e-002 +6.5000000000e+000 +0.0000000000e+000 +6.5000000000e+000 +6.1969696970e+000 +3.0303030303e-001 +2.6354453627e-002
+4.0404040404e-001 +6.5000000000e+000 +4.0404040404e-001 -3.4731149883e-002 +6.5000000000e+000 +0.0000000000e+000 +6.5000000000e+000 +6.0959595960e+000 +4.0404040404e-001 +3.4731149883e-002
+5.0505050505e-001 +6.5000000000e+000 +5.0505050505e-001 -4.2903785328e-002 +6.5000000000e+000 +0.0000000000e+000 +6.5000000000e+000 +5.9949494949e+000 +5.0505050505e-001 +4.2903785328e-002
+6.0606060606e-001 +6.5000000000e+000 +6.0606060606e-001 -5.0872359963e-002 +6.5000000000e+000 +0.0000000000e+000 +6.5000000000e+000 +5.8939393939e+000 +6.0606060606e-001 +5.0872359963e-002
+7.0707070707e-001 +6.5000000000e+000 +7.0707070707e-001 -5.8636873788e-002 +6.5000000000e+000 +0.0000000000e+000 +6.5000000000e+000 +5.7929292929e+000 +7.0707070707e-001 +5.8636873788e-002
+8.0808080808e-001 +6.5000000000e+000 +8.0808080808e-001 -6.6197326803e-002 +6.5000000000e+000 +0.0000000000e+000 +6.5000000000e+000 +5.6919191919e+000 +8.0808080808e-001 +6.6197326803e-002
+9.0909090909e-001 +6.5000000000e+000 +9.0909090909e-001 -7.3553719008e-002 +6.5000000000e+000 +0.0000000000e+000 +6.5000000000e+000 +5.5909090909e+000 +9.0909090909e-001 +7.3553719008e-002
+1.0101010101e+000 +6.5000000000e+000 +1.0101010101e+000 -8.0706050403e-002 +6.5000000000e+000 +0.0000000000e+000 +6.5000000000e+000 +5.4898989899e+000 +1.0101010101e+000 +8.0706050403e-002
+1.1111111111e+000 +6.5000000000e+000 +1.1111111111e+000 -8.7654320988e-002 +6.5000000000e+000 +0.0000000000e+000 +6.5000000000e+000 +5.3888888889e+000 +1.1111111111e+000 +8.7654320988e-002
+1.2121212121e+000 +6.5000000000e+000 +1.2121212121e+000 -9.4398530762e-002 +6.5000000000e+000 +0.0000000000e+000 +6.5000000000e+000 +5.2878787879e+000 +1.2121212121e+000 +9.4398530762e-002
+1.3131313131e+000 +6.5000000000e+000 +1.3131313131e+000 -1.0093867973e-001 +6.5000000000e+000 +0.0000000000e+000 +6.5000000000e+000 +5.1868686869e+000 +1.3131313131e+000 +1.0093867973e-001
+1.4141414141e+000 +6.5000000000e+000 +1.4141414141e+000 -1.0727476788e-001 +6.5000000000e+000 +0.0000000000e+000 +6.5000000000e+000 +5.0858585859e+000 +1.4141414141e+000 +1.0727476788e-001
+1.5151515152e+000 +6.5000000000e+000 +1.5151515152e+000 -1.1340679522e-001 +6.5000000000e+000 +0.0000000000e+000 +6.5000000000e+000 +4.9848484848e+000 +1.5151515152e+000 +1.1340679522e-001
+1.6161616162e+000 +6.5000000000e+000 +1.6161616162e+000 -1.1933476176e-001 +6.5000000000e+000 +0.0000000000e+000 +6.5000000000e+000 +4.8838383838e+000 +1.6161616162e+000 +1.1933476176e-001
+1.7171717172e+000 +6.5000000000e+000 +1.7171717172e+000 -1.2505866748e-001 +6.5000000000e+000 +0.0000000000e+000 +6.5000000000e+000 +4.7828282828e+000 +1.7171717172e+000 +1.2505866748e-001
+1.8181818182e+000 +6.5000000000e+000 +1.8181818182e+000 -1.3057851240e-001 +6.5000000000e+000 +0.0000000000e+000 +6.5000000000e+000 +4.6818181818e+000 +1.8181818182e+000 +1.3057851240e-001
+1.9191919192e+000 +6.5000000000e+000 +1.9191919192e+000 -1.3589429650e-001 +6.5000000000e+000 +0.0000000000e+000 +6.5000000000e+000 +4.5808080808e+000 +1.9191919192e+000 +1.3589429650e-001
+2.0202020202e+000 +6.5000000000e+000 +2.0202020202e+000 -1.4100601979e-001 +6.5000000000e+000 +0.0000000000e+000 +6.5000000000e+000 +4.4797979798e+000 +2.0202020202e+000 +1.4100601979e-001
+2.1212121212e+000 +6.5000000000e+000 +2.1212121212e+000 -1.4591368228e-001 +6.5000000000e+000 +0.0000000000e+000 +6.5000000000e+000 +4.3787878788e+000 +2.1212121212e+000 +1.4591368228e-001
+2.2222222222e+000 +6.5000000000e+000 +2.2222222222e+000 -1.5061728395e-001 +6.5000000000e+000 +0.0000000000e+000 +6.5000000000e+000 +4.2777777778e+000 +2.2222222222e+000 +1.5061728395e-001
+2.3232323232e+000 +6.5000000000e+000 +2.3232323232e+000 -1.5511682481e-001 +6.5000000000e+000 +0.0000000000e+000 +6.5000000000e+000 +4.1767676768e+000 +2.3232323232e+000 +1.5511682481e-001
+2.4242424242e+000 +6.5000000000e+000 +2.4242424242e+000 -1.5941230487e-001 +6.5000000000e+000 +0.0000000000e+000 +6.5000000000e+000 +4.0757575758e+000 +2.4242424242e+000 +1.5941230487e-001
+2.5252525253e+000 +6.5000000000e+000 +2.5252525253e+000 -1.6350372411e-001 +6.5000000000e+000 +0.0000000000e+000 +6.5000000000e+000 +3.9747474747e+000 +2.5252525253e+000 +1.6350372411e-001
+2.6262626263e+000 +6.5000000000e+000 +2.6262626263e+000 -1.6739108254e-001 +6.5000000000e+000 +0.0000000000e+000 +6.5000000000e+000 +3.8737373737e+000 +2.6262626263e+000 +1.6739108254e-001
+2.7272727273e+000 +6.5000000000e+000 +2.7272727273e+000 -1.7107438017e-001 +6.5000000000e+000 +0.0000000000e+000 +6.5000000000e+000 +3.7727272727e+000 +2.7272727273e+000 +1.7107438017e-001
+2.8282828283e+000 +6.5000000000e+000 +2.8282828283e+000 -1.7455361698e-001 +6.5000000000e+000 +0.0000000000e+000 +6.5000000000e+000 +3.6717171717e+000 +2.8282828283e+000 +1.7455361698e-001
+2.9292929293e+000 +6.5000000000e+000 +2.9292929293e+000 -1.7782879298e-001 +6.5000000000e+000 +0.0000000000e+000 +6.5000000000e+000 +3.5707070707e+000 +2.9292929293e+000 +1.7782879298e-001
+3.0303030303e+000 +6.5000000000e+000 +3.0303030303e+000 -1.8089990817e-001 +6.5000000000e+000 +0.0000000000e+000 +6.5000000000e+000 +3.4696969697e+000 +3.0303030303e+000 +1.8089990817e-001
+3.1313131313e+000 +6.5000000000e+000 +3.1313131313e+000 -1.8376696255e-001 +6.5000000000e+000 +0.0000000000e+000 +6.5000000000e+000 +3.3686868687e+000 +3.1313131313e+000 +1.8376696255e-001
+3.2323232323e+000 +6.5000000000e+000 +3.2323232323e+000 -1.8642995613e-001 +6.5000000000e+000 +0.0000000000e+000 +6.5000000000e+000 +3.2676767677e+000 +3.2323232323e+000 +1.8642995613e-001
+3.3333333333e+000 +6.5000000000e+000 +3.3333333333e+000 -1.8888888889e-001 +6.5000000000e+000 +0.0000000000e+000 +6.5000000000e+000 +3.1666666667e+000 +3.3333333333e+000 +1.8888888889e-001
+3.4343434343e+000 +6.5000000000e+000 +3.4343434343e+000 -1.9114376084e-001 +6.5000000000e+000 +0.0000000000e+000 +6.5000000000e+000 +3.0656565657e+000 +3.4343434343e+000 +1.9114376084e-001
+3.5353535354e+000 +6.5000000000e+000 +3.5353535354e+000 -1.9319457198e-001 +6.5000000000e+000 +0.0000000000e+000 +6.5000000000e+000 +2.9646464646e+000 +3.5353535354e+000 +1.9319457198e-001
+3.6363636364e+000 +6.5000000000e+000 +3.6363636364e+000 -1.9504132231e-001 +6.5000000000e+000 +0.0000000000e+000 +6.5000000000e+000 +2.8636363636e+000 +3.6363636364e+000 +1.9504132231e-001
+3.7373737374e+000 +6.5000000000e+000 +3.7373737374e+000 -1.9668401184e-001 +6.5000000000e+000 +0.0000000000e+000 +6.5000000000e+000 +2.7626262626e+000 +3.7373737374e+000 +1.9668401184e-001
+3.8383838384e+000 +6.5000000000e+000 +3.8383838384e+000 -1.9812264055e-001 +6.5000000000e+000 +0.0000000000e+000 +6.5000000000e+000 +2.6616161616e+000 +3.8383838384e+000 +1.9812264055e-001
+3.9393939394e+000 +6.5000000000e+000 +3.9393939394e+000 -1.9935720845e-001 +6.5000000000e+000 +0.0000000000e+000 +6.5000000000e+000 +2.5606060606e+000 +3.9393939394e+000 +1.9935720845e-001
+4.0404040404e+000 +6.5000000000e+000 +4.0404040404e+000 -2.0038771554e-001 +6.5000000000e+000 +0.0000000000e+000 +6.5000000000e+000 +2.4595959596e+000 +4.0404040404e+000 +2.0038771554e-001
+4.1414141414e+000 +6.5000000000e+000 +4.1414141414e+000 -2.0121416182e-001 +6.5000000000e+000 +0.0000000000e+000 +6.5000000000e+000 +2.3585858586e+000 +4.1414141414e+000 +2.0121416182e-001
+4.2424242424e+000 +6.5000000000e+000 +4.2424242424e+000 -2.0183654729e-001 +6.5000000000e+000 +0.0000000000e+000 +6.5000000000e+000 +2.2575757576e+000 +4.2424242424e+000 +2.0183654729e-001
+4.3434343434e+000 +6.5000000000e+000 +4.3434343434e+000 -2.0225487195e-001 +6.5000000000e+000 +0.0000000000e+000 +6.5000000000e+000 +2.1565656566e+000 +4.3434343434e+000 +2.0225487195e-001
+4.4444444444e+000 +6.5000000000e+000 +4.4444444444e+000 -2.0246913580e-001 +6.5000000000e+000 +0.0000000000e+000 +6.5000000000e+000 +2.0555555556e+000 +4.4444444444e+000 +2.0246913580e-001
+4.5454545455e+000 +6.5000000000e+000 +4.5454545455e+000 -2.0250000000e-001 +6.5000000000e+000 +0.0000000000e+000 +6.5000000000e+000 +1.9545454545e+000 +4.5454545455e+000 +2.0250000000e-001
+4.6464646465e+000 +6.5000000000e+000 +4.6464646465e+000 -2.0250000000e-001 +6.5000000000e+000 +0.0000000000e+000 +6.5000000000e+000 +1.8535353535e+000 +4.6464646465e+000 +2.0250000000e-001
+4.7474747475e+000 +6.5000000000e+000 +4.7474747475e+000 -2.0250000000e-001 +6.5000000000e+000 +0.0000000000e+000 +6.5000000000e+000 +1.7525252525e+000 +4.7474747475e+000 +2.0250000000e-001
+4.8484848485e+000 +6.5000000000e+000 +4.8484848485e+000 -2.0250000000e-001 +6.5000000000e+000 +0.0000000000e+000 +6.5000000000e+000 +1.6515151515e+000 +4.8484848485e+000 +2.0250000000e-001
+4.9494949495e+000 +6.5000000000e+000 +4.9494949495e+000 -2.0250000000e-001 +6.5000000000e+000 +0.0000000000e+000 +6.5000000000e+000 +1.5505050505e+000 +4.9494949495e+000 +2.0250000000e-001
+5.0505050505e+000 +6.5000000000e+000 +5.0505050505e+000 -2.0250000000e-001 +6.5000000000e+000 +0.0000000000e+000 +6.5000000000e+000 +1.4494949495e+000 +5.0505050505e+000 +2.0250000000e-001
+5.1515151515e+000 +6.5000000000e+000 +5.1515151515e+000 -2.0250000000e-001 +6.5000000000e+000 +0.0000000000e+000 +6.5000000000e+000 +1.3484848485e+000 +5.1515151515e+000 +2.0250000000e-001
+5.2525252525e+000 +6.5000000000e+000 +5.2525252525e+000 -2.0250000000e-001 +6.5000000000e+000 +0.0000000000e+000 +6.5000000000e+000 +1.2474747475e+000 +5.2525252525e+000 +2.0250000000e-001
+5.3535353535e+000 +6.5000000000e+000 +5.3535353535e+000 -2.0250000000e-001 +6.5000000000e+000 +0.0000000000e+000 +6.5000000000e+000 +1.1464646465e+000 +5.3535353535e+000 +2.0250000000e-001
+5.4545454545e+000 +6.5000000000e+000 +5.4545454545e+000 -2.0250000000e-001 +6.5000000000e+000 +0.0000000000e+000 +6.5000000000e+000 +1.0454545455e+000 +5.4545454545e+000 +2.0250000000e-001
+5.5555555556e+000 +6.5000000000e+000 +5.5555555556e+000 -2.0250000000e-001 +6.5000000000e+000 +0.0000000000e+000 +6.5000000000e+000 +9.4444444444e-001 +5.5555555556e+000 +2.0250000000e-001
+5.6565656566e+000 +6.5000000000e+000 +5.6565656566e+000 -2.0250000000e-001 +6.5000000000e+000 +0.0000000000e+000 +6.5000000000e+000 +8.4343434343e-001 +5.6565656566e+000 +2.0250000000e-001
+5.7575757576e+000 +6.5000000000e+000 +5.7575757576e+000 -2.0250000000e-001 +6.5000000000e+000 +0.0000000000e+000 +6.5000000000e+000 +7.4242424242e-001 +5.7575757576e+000 +2.0250000000e-001
+5.8585858586e+000 +6.5000000000e+000 +5.8585858586e+000 -2.0250000000e-001 +6.5000000000e+000 +0.0000000000e+000 +6.5000000000e+000 +6.4141414141e-001 +5.8585858586e+000 +2.0250000000e-001
+5.9595959596e+000 +6.5000000000e+000 +5.9595959596e+000 -2.0250000000e-001 +6.5000000000e+000 +0.0000000000e+000 +6.5000000000e+000 +5.4040404040e-001 +5.9595959596e+000 +2.0250000000e-001
+6.0606060606e+000 +6.5000000000e+000 +6.0606060606e+000 -2.0250000000e-001 +6.5000000000e+000 +0.0000000000e+000 +6.5000000000e+000 +4.3939393939e-001 +6.0606060606e+000 +2.0250000000e-001
+6.1616161616e+000 +6.5000000000e+000 +6.1616161616e+000 -2.0250000000e-001 +6.5000000000e+000 +0.0000000000e+000 +6.5000000000e+000 +3.3838383838e-001 +6.1616161616e+000 +2.0250000000e-001
+6.2626262626e+000 +6.5000000000e+000 +6.2626262626e+000 -2.0250000000e-001 +6.5000000000e+000 +0.0000000000e+000 +6.5000000000e+000 +2.3737373737e-001 +6.2626262626e+000 +2.0250000000e-001
+6.3636363636e+000 +6.5000000000e+000 +6.3636363636e+000 -2.0250000000e-001 +6.5000000000e+000 +0.0000000000e+000 +6.5000000000e+000 +1.3636363636e-001 +6.3636363636e+000 +2.0250000000e-001
+6.4646464646e+000 +6.5000000000e+000 +6.4646464646e+000 -2.0250000000e-001 +6.5000000000e+000 +0.0000000000e+000 +6.5000000000e+000 +3.5353535354e-002 +6.4646464646e+000 +2.0250000000e-001
+6.5656565657e+000 +6.5000000000e+000 +6.5656565657e+000 -2.0250000000e-001 +6.5000000000e+000 +0.0000000000e+000 +6.5000000000e+000 -6.5656565657e-002 +6.5656565657e+000 +2.0250000000e-001
+6.6666666667e+000 +6.5000000000e+000 +6.6666666667e+000 -2.0250000000e-001 +6.5000000000e+000 +0.0000000000e+000 +6.5000000000e+000 -1.6666666667e-001 +6.6666666667e+000 +2.0250000000e-001
+6.7676767677e+000 +6.5000000000e+000 +6.7676767677e+000 -2.0250000000e-001 +6.5000000000e+000 +0.0000000000e+000 +6.5000000000e+000 -2.6767676768e-001 +6.7676767677e+000 +2.0250000000e-001
+6.8686868687e+000 +6.5000000000e+000 +6.8686868687e+000 -2.0250000000e-001 +6.5000000000e+000 +0.0000000000e+000 +6.5000000000e+000 -3.6868686869e-001 +6.8686868687e+000 +2.0250000000e-001
+6.9696969697e+000 +6.5000000000e+000 +6.9696969697e+000 -2.0250000000e-001 +6.5000000000e+000 +0.0000000000e+000 +6.5000000000e+000 -4.6969696970e-001 +6.9696969697e+000 +2.0250000000e-001
+7.0707070707e+000 +6.5000000000e+000 +7.0707070707e+000 -2.0250000000e-001 +6.5000000000e+000 +0.0000000000e+000 +6.5000000000e+000 -5.7070707071e-001 +7.0707070707e+000 +2.0250000000e-001
+7.1717171717e+000 +6.5000000000e+000 +7.1717171717e+000 -2.0250000000e-001 +6.5000000000e+000 +0.0000000000e+000 +6.5000000000e+000 -6.7171717172e-001 +7.1717171717e+000 +2.0250000000e-001
+7.2727272727e+000 +6.5000000000e+000 +7.2727272727e+000 -2.0250000000e-001 +6.5000000000e+000 +0.0000000000e+000 +6.5000000000e+000 -7.7272727273e-001 +7.2727272727e+000 +2.0250000000e-001
+7.3737373737e+000 +6.5000000000e+000 +7.3737373737e+000 -2.0250000000e-001 +6.5000000000e+000 +0.0000000000e+000 +6.5000000000e+000 -8.7373737374e-001 +7.3737373737e+000 +2.0250000000e-001
+7.4747474747e+000 +6.5000000000e+000 +7.4747474747e+000 -2.0250000000e-001 +6.5000000000e+000 +0.0000000000e+000 +6.5000000000e+000 -9.7474747475e-001 +7.4747474747e+000 +2.0250000000e-001
+7.5757575758e+000 +6.5000000000e+000 +7.5757575758e+000 -2.0250000000e-001 +6.5000000000e+000 +0.0000000000e+000 +6.5000000000e+000 -1.0757575758e+000 +7.5757575758e+000 +2.0250000000e-001
+7.6767676768e+000 +6.5000000000e+000 +7.6767676768e+000 -2.0250000000e-001 +6.5000000000e+000 +0.0000000000e+000 +6.5000000000e+000 -1.1767676768e+000 +7.6767676768e+000 +2.0250000000e-001
+7.7777777778e+000 +6.5000000000e+000 +7.7777777778e+000 -2.0250000000e-001 +6.5000000000e+000 +0.0000000000e+000 +6.5000000000e+000 -1.2777777778e+000 +7.7777777778e+000 +2.0250000000e-001
+7.8787878788e+000 +6.5000000000e+000 +7.8787878788e+000 -2.0250000000e-001 +6.5000000000e+000 +0.0000000000e+000 +6.5000000000e+000 -1.3787878788e+000 +7.8787878788e+000 +2.0250000000e-001
+7.9797979798e+000 +6.5000000000e+000 +7.9797979798e+000 -2.0250000000e-001 +6.5000000000e+000 +0.0000000000e+000 +6.5000000000e+000 -1.4797979798e+000 +7.9797979798e+000 +2.0250000000e-001
+8.0808080808e+000 +6.5000000000e+000 +8.0808080808e+000 -2.0250000000e-001 +6.5000000000e+000 +0.0000000000e+000 +6.5000000000e+000 -1.5808080808e+000 +8.0808080808e+000 +2.0250000000e-001
+8.1818181818e+000 +6.5000000000e+000 +8.1818181818e+000 -2.0250000000e-001 +6.5000000000e+000 +0.0000000000e+000 +6.5000000000e+000 -1.6818181818e+000 +8.1818181818e+000 +2.0250000000e-001
+8.2828282828e+000 +6.5000000000e+000 +8.2828282828e+000 -2.0250000000e-001 +6.5000000000e+000 +0.0000000000e+000 +6.5000000000e+000 -1.7828282828e+000 +8.2828282828e+000 +2.0250000000e-001
+8.3838383838e+000 +6.5000000000e+000 +8.3838383838e+000 -2.0250000000e-001 +6.5000000000e+000 +0.0000000000e+000 +6.5000000000e+000 -1.8838383838e+000 +8.3838383838e+000 +2.0250000000e-001
+8.4848484848e+000 +6.5000000000e+000 +8.4848484848e+000 -2.0250000000e-001 +6.5000000000e+000 +0.0000000000e+000 +6.5000000000e+000 -1.9848484848e+000 +8.4848484848e+000 +2.0250000000e-001
+8.5858585859e+000 +6.5000000000e+000 +8.5858585859e+000 -2.0250000000e-001 +6.5000000000e+000 +0.0000000000e+000 +6.5000000000e+000 -2.0858585859e+000 +8.5858585859e+000 +2.0250000000e-001
+8.6868686869e+000 +6.5000000000e+000 +8.6868686869e+000 -2.0250000000e-001 +6.5000000000e+000 +0.0000000000e+000 +6.5000000000e+000 -2.1868686869e+000 +8.6868686869e+000 +2.0250000000e-001
+8.7878787879e+000 +6.5000000000e+000 +8.7878787879e+000 -2.0250000000e-001 +6.5000000000e+000 +0.0000000000e+000 +6.5000000000e+000 -2.2878787879e+000 +8.7878787879e+000 +2.0250000000e-001
+8.8888888889e+000 +6.5000000000e+000 +8.8888888889e+000 -2.0250000000e-001 +6.5000000000e+000 +0.0000000000e+000 +6.5000000000e+000 -2.3888888889e+000 +8.8888888889e+000 +2.0250000000e-001
+8.9898989899e+000 +6.5000000000e+000 +8.9898989899e+000 -2.0250000000e-001 +6.5000000000e+000 +0.0000000000e+000 +6.5000000000e+000 -2.4898989899e+000 +8.9898989899e+000 +2.0250000000e-001
+9.0909090909e+000 +6.5000000000e+000 +9.0909090909e+000 -2.0250000000e-001 +6.5000000000e+000 +0.0000000000e+000 +6.5000000000e+000 -2.5909090909e+000 +9.0909090909e+000 +2.0250000000e-001
+9.1919191919e+000 +6.5000000000e+000 +9.1919191919e+000 -2.0250000000e-001 +6.5000000000e+000 +0.0000000000e+000 +6.5000000000e+000 -2.6919191919e+000 +9.1919191919e+000 +2.0250000000e-001
+9.2929292929e+000 +6.5000000000e+000 +9.2929292929e+000 -2.0250000000e-001 +6.5000000000e+000 +0.0000000000e+000 +6.5000000000e+000 -2.7929292929e+000 +9.2929292929e+000 +2.0250000000e-001
+9.3939393939e+000 +6.5000000000e+000 +9.3939393939e+000 -2.0250000000e-001 +6.5000000000e+000 +0.0000000000e+000 +6.5000000000e+000 -2.8939393939e+000 +9.3939393939e+000 +2.0250000000e-001
+9.4949494949e+000 +6.5000000000e+000 +9.4949494949e+000 -2.0250000000e-001 +6.5000000000e+000 +0.0000000000e+000 +6.5000000000e+000 -2.9949494949e+000 +9.4949494949e+000 +2.0250000000e-001
+9.5959595960e+000 +6.5000000000e+000 +9.5959595960e+000 -2.0250000000e-001 +6.5000000000e+000 +0.0000000000e+000 +6.5000000000e+000 -3.0959595960e+000 +9.5959595960e+000 +2.0250000000e-001
+9.6969696970e+000 +6.5000000000e+000 +9.6969696970e+000 -2.0250000000e-001 +6.5000000000e+000 +0.0000000000e+000 +6.5000000000e+000 -3.1969696970e+000 +9.6969696970e+000 +2.0250000000e-001
+9.7979797980e+000 +6.5000000000e+000 +9.7979797980e+000 -2.0250000000e-001 +6.5000000000e+000 +0.0000000000e+000 +6.5000000000e+000 -3.2979797980e+000 +9.7979797980e+000 +2.0250000000e-001
+9.8989898990e+000 +6.5000000000e+000 +9.8989898990e+000 -2.0250000000e-001 +6.5000000000e+000 +0.0000000000e+000 +6.5000000000e+000 -3.3989898990e+000 +9.8989898990e+000 +2.0250000000e-001
+1.0000000000e+001 +6.5000000000e+000 +1.0000000000e+001 -2.0250000000e-001 +6.5000000000e+000 +0.0000000000e+000 +6.5000000000e+000 -3.5000000000e+000 +1.0000000000e+001 +2.0250000000e-001


"Vgs=8.25"
+0.0000000000e+000 +8.2500000000e+000 +0.0000000000e+000 +0.0000000000e+000 +8.2500000000e+000 +0.0000000000e+000 +8.2500000000e+000 +8.2500000000e+000 +0.0000000000e+000 +0.0000000000e+000
+1.0101010101e-001 +8.2500000000e+000 +1.0101010101e-001 -1.2524232221e-002 +8.2500000000e+000 +0.0000000000e+000 +8.2500000000e+000 +8.1489898990e+000 +1.0101010101e-001 +1.2524232221e-002
+2.0202020202e-001 +8.2500000000e+000 +2.0202020202e-001 -2.4844403632e-002 +8.2500000000e+000 +0.0000000000e+000 +8.2500000000e+000 +8.0479797980e+000 +2.0202020202e-001 +2.4844403632e-002
+3.0303030303e-001 +8.2500000000e+000 +3.0303030303e-001 -3.6960514233e-002 +8.2500000000e+000 +0.0000000000e+000 +8.2500000000e+000 +7.9469696970e+000 +3.0303030303e-001 +3.6960514233e-002
+4.0404040404e-001 +8.2500000000e+000 +4.0404040404e-001 -4.8872564024e-002 +8.2500000000e+000 +0.0000000000e+000 +8.2500000000e+000 +7.8459595960e+000 +4.0404040404e-001 +4.8872564024e-002
+5.0505050505e-001 +8.2500000000e+000 +5.0505050505e-001 -6.0580553005e-002 +8.2500000000e+000 +0.0000000000e+000 +8.2500000000e+000 +7.7449494949e+000 +5.0505050505e-001 +6.0580553005e-002
+6.0606060606e-001 +8.2500000000e+000 +6.0606060606e-001 -7.2084481175e-002 +8.2500000000e+000 +0.0000000000e+000 +8.2500000000e+000 +7.6439393939e+000 +6.0606060606e-001 +7.2084481175e-002
+7.0707070707e-001 +8.2500000000e+000 +7.0707070707e-001 -8.3384348536e-002 +8.2500000000e+000 +0.0000000000e+000 +8.2500000000e+000 +7.5429292929e+000 +7.0707070707e-001 +8.3384348536e-002
+8.0808080808e-001 +8.2500000000e+000 +8.0808080808e-001 -9.4480155086e-002 +8.2500000000e+000 +0.0000000000e+000 +8.2500000000e+000 +7.4419191919e+000 +8.0808080808e-001 +9.4480155086e-002
+9.0909090909e-001 +8.2500000000e+000 +9.0909090909e-001 -1.0537190083e-001 +8.2500000000e+000 +0.0000000000e+000 +8.2500000000e+000 +7.3409090909e+000 +9.0909090909e-001 +1.0537190083e-001
+1.0101010101e+000 +8.2500000000e+000 +1.0101010101e+000 -1.1605958576e-001 +8.2500000000e+000 +0.0000000000e+000 +8.2500000000e+000 +7.2398989899e+000 +1.0101010101e+000 +1.1605958576e-001
+1.1111111111e+000 +8.2500000000e+000 +1.1111111111e+000 -1.2654320988e-001 +8.2500000000e+000 +0.0000000000e+000 +8.2500000000e+000 +7.1388888889e+000 +1.1111111111e+000 +1.2654320988e-001
+1.2121212121e+000 +8.2500000000e+000 +1.2121212121e+000 -1.3682277319e-001 +8.2500000000e+000 +0.0000000000e+000 +8.2500000000e+000 +7.0378787879e+000 +1.2121212121e+000 +1.3682277319e-001
+1.3131313131e+000 +8.2500000000e+000 +1.3131313131e+000 -1.4689827569e-001 +8.2500000000e+000 +0.0000000000e+000 +8.2500000000e+000 +6.9368686869e+000 +1.3131313131e+000 +1.4689827569e-001
+1.4141414141e+000 +8.2500000000e+000 +1.4141414141e+000 -1.5676971738e-001 +8.2500000000e+000 +0.0000000000e+000 +8.2500000000e+000 +6.8358585859e+000 +1.4141414141e+000 +1.5676971738e-001
+1.5151515152e+000 +8.2500000000e+000 +1.5151515152e+000 -1.6643709826e-001 +8.2500000000e+000 +0.0000000000e+000 +8.2500000000e+000 +6.7348484848e+000 +1.5151515152e+000 +1.6643709826e-001
+1.6161616162e+000 +8.2500000000e+000 +1.6161616162e+000 -1.7590041832e-001 +8.2500000000e+000 +0.0000000000e+000 +8.2500000000e+000 +6.6338383838e+000 +1.6161616162e+000 +1.7590041832e-001
+1.7171717172e+000 +8.2500000000e+000 +1.7171717172e+000 -1.8515967758e-001 +8.2500000000e+000 +0.0000000000e+000 +8.2500000000e+000 +6.5328282828e+000 +1.7171717172e+000 +1.8515967758e-001
+1.8181818182e+000 +8.2500000000e+000 +1.8181818182e+000 -1.9421487603e-001 +8.2500000000e+000 +0.0000000000e+000 +8.2500000000e+000 +6.4318181818e+000 +1.8181818182e+000 +1.9421487603e-001
+1.9191919192e+000 +8.2500000000e+000 +1.9191919192e+000 -2.0306601367e-001 +8.2500000000e+000 +0.0000000000e+000 +8.2500000000e+000 +6.3308080808e+000 +1.9191919192e+000 +2.0306601367e-001
+2.0202020202e+000 +8.2500000000e+000 +2.0202020202e+000 -2.1171309050e-001 +8.2500000000e+000 +0.0000000000e+000 +8.2500000000e+000 +6.2297979798e+000 +2.0202020202e+000 +2.1171309050e-001
+2.1212121212e+000 +8.2500000000e+000 +2.1212121212e+000 -2.2015610652e-001 +8.2500000000e+000 +0.0000000000e+000 +8.2500000000e+000 +6.1287878788e+000 +2.1212121212e+000 +2.2015610652e-001
+2.2222222222e+000 +8.2500000000e+000 +2.2222222222e+000 -2.2839506173e-001 +8.2500000000e+000 +0.0000000000e+000 +8.2500000000e+000 +6.0277777778e+000 +2.2222222222e+000 +2.2839506173e-001
+2.3232323232e+000 +8.2500000000e+000 +2.3232323232e+000 -2.3642995613e-001 +8.2500000000e+000 +0.0000000000e+000 +8.2500000000e+000 +5.9267676768e+000 +2.3232323232e+000 +2.3642995613e-001
+2.4242424242e+000 +8.2500000000e+000 +2.4242424242e+000 -2.4426078972e-001 +8.2500000000e+000 +0.0000000000e+000 +8.2500000000e+000 +5.8257575758e+000 +2.4242424242e+000 +2.4426078972e-001
+2.5252525253e+000 +8.2500000000e+000 +2.5252525253e+000 -2.5188756249e-001 +8.2500000000e+000 +0.0000000000e+000 +8.2500000000e+000 +5.7247474747e+000 +2.5252525253e+000 +2.5188756249e-001
+2.6262626263e+000 +8.2500000000e+000 +2.6262626263e+000 -2.5931027446e-001 +8.2500000000e+000 +0.0000000000e+000 +8.2500000000e+000 +5.6237373737e+000 +2.6262626263e+000 +2.5931027446e-001
+2.7272727273e+000 +8.2500000000e+000 +2.7272727273e+000 -2.6652892562e-001 +8.2500000000e+000 +0.0000000000e+000 +8.2500000000e+000 +5.5227272727e+000 +2.7272727273e+000 +2.6652892562e-001
+2.8282828283e+000 +8.2500000000e+000 +2.8282828283e+000 -2.7354351597e-001 +8.2500000000e+000 +0.0000000000e+000 +8.2500000000e+000 +5.4217171717e+000 +2.8282828283e+000 +2.7354351597e-001
+2.9292929293e+000 +8.2500000000e+000 +2.9292929293e+000 -2.8035404551e-001 +8.2500000000e+000 +0.0000000000e+000 +8.2500000000e+000 +5.3207070707e+000 +2.9292929293e+000 +2.8035404551e-001
+3.0303030303e+000 +8.2500000000e+000 +3.0303030303e+000 -2.8696051423e-001 +8.2500000000e+000 +0.0000000000e+000 +8.2500000000e+000 +5.2196969697e+000 +3.0303030303e+000 +2.8696051423e-001
+3.1313131313e+000 +8.2500000000e+000 +3.1313131313e+000 -2.9336292215e-001 +8.2500000000e+000 +0.0000000000e+000 +8.2500000000e+000 +5.1186868687e+000 +3.1313131313e+000 +2.9336292215e-001
+3.2323232323e+000 +8.2500000000e+000 +3.2323232323e+000 -2.9956126926e-001 +8.2500000000e+000 +0.0000000000e+000 +8.2500000000e+000 +5.0176767677e+000 +3.2323232323e+000 +2.9956126926e-001
+3.3333333333e+000 +8.2500000000e+000 +3.3333333333e+000 -3.0555555556e-001 +8.2500000000e+000 +0.0000000000e+000 +8.2500000000e+000 +4.9166666667e+000 +3.3333333333e+000 +3.0555555556e-001
+3.4343434343e+000 +8.2500000000e+000 +3.4343434343e+000 -3.1134578104e-001 +8.2500000000e+000 +0.0000000000e+000 +8.2500000000e+000 +4.8156565657e+000 +3.4343434343e+000 +3.1134578104e-001
+3.5353535354e+000 +8.2500000000e+000 +3.5353535354e+000 -3.1693194572e-001 +8.2500000000e+000 +0.0000000000e+000 +8.2500000000e+000 +4.7146464646e+000 +3.5353535354e+000 +3.1693194572e-001
+3.6363636364e+000 +8.2500000000e+000 +3.6363636364e+000 -3.2231404959e-001 +8.2500000000e+000 +0.0000000000e+000 +8.2500000000e+000 +4.6136363636e+000 +3.6363636364e+000 +3.2231404959e-001
+3.7373737374e+000 +8.2500000000e+000 +3.7373737374e+000 -3.2749209264e-001 +8.2500000000e+000 +0.0000000000e+000 +8.2500000000e+000 +4.5126262626e+000 +3.7373737374e+000 +3.2749209264e-001
+3.8383838384e+000 +8.2500000000e+000 +3.8383838384e+000 -3.3246607489e-001 +8.2500000000e+000 +0.0000000000e+000 +8.2500000000e+000 +4.4116161616e+000 +3.8383838384e+000 +3.3246607489e-001
+3.9393939394e+000 +8.2500000000e+000 +3.9393939394e+000 -3.3723599633e-001 +8.2500000000e+000 +0.0000000000e+000 +8.2500000000e+000 +4.3106060606e+000 +3.9393939394e+000 +3.3723599633e-001
+4.0404040404e+000 +8.2500000000e+000 +4.0404040404e+000 -3.4180185695e-001 +8.2500000000e+000 +0.0000000000e+000 +8.2500000000e+000 +4.2095959596e+000 +4.0404040404e+000 +3.4180185695e-001
+4.1414141414e+000 +8.2500000000e+000 +4.1414141414e+000 -3.4616365677e-001 +8.2500000000e+000 +0.0000000000e+000 +8.2500000000e+000 +4.1085858586e+000 +4.1414141414e+000 +3.4616365677e-001
+4.2424242424e+000 +8.2500000000e+000 +4.2424242424e+000 -3.5032139578e-001 +8.2500000000e+000 +0.0000000000e+000 +8.2500000000e+000 +4.0075757576e+000 +4.2424242424e+000 +3.5032139578e-001
+4.3434343434e+000 +8.2500000000e+000 +4.3434343434e+000 -3.5427507397e-001 +8.2500000000e+000 +0.0000000000e+000 +8.2500000000e+000 +3.9065656566e+000 +4.3434343434e+000 +3.5427507397e-001
+4.4444444444e+000 +8.2500000000e+000 +4.4444444444e+000 -3.5802469136e-001 +8.2500000000e+000 +0.0000000000e+000 +8.2500000000e+000 +3.8055555556e+000 +4.4444444444e+000 +3.5802469136e-001
+4.5454545455e+000 +8.2500000000e+000 +4.5454545455e+000 -3.6157024793e-001 +8.2500000000e+000 +0.0000000000e+000 +8.2500000000e+000 +3.7045454545e+000 +4.5454545455e+000 +3.6157024793e-001
+4.6464646465e+000 +8.2500000000e+000 +4.6464646465e+000 -3.6491174370e-001 +8.2500000000e+000 +0.0000000000e+000 +8.2500000000e+000 +3.6035353535e+000 +4.6464646465e+000 +3.6491174370e-001
+4.7474747475e+000 +8.2500000000e+000 +4.7474747475e+000 -3.6804917866e-001 +8.2500000000e+000 +0.0000000000e+000 +8.2500000000e+000 +3.5025252525e+000 +4.7474747475e+000 +3.6804917866e-001
+4.8484848485e+000 +8.2500000000e+000 +4.8484848485e+000 -3.7098255280e-001 +8.2500000000e+000 +0.0000000000e+000 +8.2500000000e+000 +3.4015151515e+000 +4.8484848485e+000 +3.7098255280e-001
+4.9494949495e+000 +8.2500000000e+000 +4.9494949495e+000 -3.7371186614e-001 +8.2500000000e+000 +0.0000000000e+000 +8.2500000000e+000 +3.3005050505e+000 +4.9494949495e+000 +3.7371186614e-001
+5.0505050505e+000 +8.2500000000e+000 +5.0505050505e+000 -3.7623711866e-001 +8.2500000000e+000 +0.0000000000e+000 +8.2500000000e+000 +3.1994949495e+000 +5.0505050505e+000 +3.7623711866e-001
+5.1515151515e+000 +8.2500000000e+000 +5.1515151515e+000 -3.7855831038e-001 +8.2500000000e+000 +0.0000000000e+000 +8.2500000000e+000 +3.0984848485e+000 +5.1515151515e+000 +3.7855831038e-001
+5.2525252525e+000 +8.2500000000e+000 +5.2525252525e+000 -3.8067544128e-001 +8.2500000000e+000 +0.0000000000e+000 +8.2500000000e+000 +2.9974747475e+000 +5.2525252525e+000 +3.8067544128e-001
+5.3535353535e+000 +8.2500000000e+000 +5.3535353535e+000 -3.8258851138e-001 +8.2500000000e+000 +0.0000000000e+000 +8.2500000000e+000 +2.8964646465e+000 +5.3535353535e+000 +3.8258851138e-001
+5.4545454545e+000 +8.2500000000e+000 +5.4545454545e+000 -3.8429752066e-001 +8.2500000000e+000 +0.0000000000e+000 +8.2500000000e+000 +2.7954545455e+000 +5.4545454545e+000 +3.8429752066e-001
+5.5555555556e+000 +8.2500000000e+000 +5.5555555556e+000 -3.8580246914e-001 +8.2500000000e+000 +0.0000000000e+000 +8.2500000000e+000 +2.6944444444e+000 +5.5555555556e+000 +3.8580246914e-001
+5.6565656566e+000 +8.2500000000e+000 +5.6565656566e+000 -3.8710335680e-001 +8.2500000000e+000 +0.0000000000e+000 +8.2500000000e+000 +2.5934343434e+000 +5.6565656566e+000 +3.8710335680e-001
+5.7575757576e+000 +8.2500000000e+000 +5.7575757576e+000 -3.8820018365e-001 +8.2500000000e+000 +0.0000000000e+000 +8.2500000000e+000 +2.4924242424e+000 +5.7575757576e+000 +3.8820018365e-001
+5.8585858586e+000 +8.2500000000e+000 +5.8585858586e+000 -3.8909294970e-001 +8.2500000000e+000 +0.0000000000e+000 +8.2500000000e+000 +2.3914141414e+000 +5.8585858586e+000 +3.8909294970e-001
+5.9595959596e+000 +8.2500000000e+000 +5.9595959596e+000 -3.8978165493e-001 +8.2500000000e+000 +0.0000000000e+000 +8.2500000000e+000 +2.2904040404e+000 +5.9595959596e+000 +3.8978165493e-001
+6.0606060606e+000 +8.2500000000e+000 +6.0606060606e+000 -3.9026629936e-001 +8.2500000000e+000 +0.0000000000e+000 +8.2500000000e+000 +2.1893939394e+000 +6.0606060606e+000 +3.9026629936e-001
+6.1616161616e+000 +8.2500000000e+000 +6.1616161616e+000 -3.9054688297e-001 +8.2500000000e+000 +0.0000000000e+000 +8.2500000000e+000 +2.0883838384e+000 +6.1616161616e+000 +3.9054688297e-001
+6.2626262626e+000 +8.2500000000e+000 +6.2626262626e+000 -3.9062500000e-001 +8.2500000000e+000 +0.0000000000e+000 +8.2500000000e+000 +1.9873737374e+000 +6.2626262626e+000 +3.9062500000e-001
+6.3636363636e+000 +8.2500000000e+000 +6.3636363636e+000 -3.9062500000e-001 +8.2500000000e+000 +0.0000000000e+000 +8.2500000000e+000 +1.8863636364e+000 +6.3636363636e+000 +3.9062500000e-001
+6.4646464646e+000 +8.2500000000e+000 +6.4646464646e+000 -3.9062500000e-001 +8.2500000000e+000 +0.0000000000e+000 +8.2500000000e+000 +1.7853535354e+000 +6.4646464646e+000 +3.9062500000e-001
+6.5656565657e+000 +8.2500000000e+000 +6.5656565657e+000 -3.9062500000e-001 +8.2500000000e+000 +0.0000000000e+000 +8.2500000000e+000 +1.6843434343e+000 +6.5656565657e+000 +3.9062500000e-001
+6.6666666667e+000 +8.2500000000e+000 +6.6666666667e+000 -3.9062500000e-001 +8.2500000000e+000 +0.0000000000e+000 +8.2500000000e+000 +1.5833333333e+000 +6.6666666667e+000 +3.9062500000e-001
+6.7676767677e+000 +8.2500000000e+000 +6.7676767677e+000 -3.9062500000e-001 +8.2500000000e+000 +0.0000000000e+000 +8.2500000000e+000 +1.4823232323e+000 +6.7676767677e+000 +3.9062500000e-001
+6.8686868687e+000 +8.2500000000e+000 +6.8686868687e+000 -3.9062500000e-001 +8.2500000000e+000 +0.0000000000e+000 +8.2500000000e+000 +1.3813131313e+000 +6.8686868687e+000 +3.9062500000e-001
+6.9696969697e+000 +8.2500000000e+000 +6.9696969697e+000 -3.9062500000e-001 +8.2500000000e+000 +0.0000000000e+000 +8.2500000000e+000 +1.2803030303e+000 +6.9696969697e+000 +3.9062500000e-001
+7.0707070707e+000 +8.2500000000e+000 +7.0707070707e+000 -3.9062500000e-001 +8.2500000000e+000 +0.0000000000e+000 +8.2500000000e+000 +1.1792929293e+000 +7.0707070707e+000 +3.9062500000e-001
+7.1717171717e+000 +8.2500000000e+000 +7.1717171717e+000 -3.9062500000e-001 +8.2500000000e+000 +0.0000000000e+000 +8.2500000000e+000 +1.0782828283e+000 +7.1717171717e+000 +3.9062500000e-001
+7.2727272727e+000 +8.2500000000e+000 +7.2727272727e+000 -3.9062500000e-001 +8.2500000000e+000 +0.0000000000e+000 +8.2500000000e+000 +9.7727272727e-001 +7.2727272727e+000 +3.9062500000e-001
+7.3737373737e+000 +8.2500000000e+000 +7.3737373737e+000 -3.9062500000e-001 +8.2500000000e+000 +0.0000000000e+000 +8.2500000000e+000 +8.7626262626e-001 +7.3737373737e+000 +3.9062500000e-001
+7.4747474747e+000 +8.2500000000e+000 +7.4747474747e+000 -3.9062500000e-001 +8.2500000000e+000 +0.0000000000e+000 +8.2500000000e+000 +7.7525252525e-001 +7.4747474747e+000 +3.9062500000e-001
+7.5757575758e+000 +8.2500000000e+000 +7.5757575758e+000 -3.9062500000e-001 +8.2500000000e+000 +0.0000000000e+000 +8.2500000000e+000 +6.7424242424e-001 +7.5757575758e+000 +3.9062500000e-001
+7.6767676768e+000 +8.2500000000e+000 +7.6767676768e+000 -3.9062500000e-001 +8.2500000000e+000 +0.0000000000e+000 +8.2500000000e+000 +5.7323232323e-001 +7.6767676768e+000 +3.9062500000e-001
+7.7777777778e+000 +8.2500000000e+000 +7.7777777778e+000 -3.9062500000e-001 +8.2500000000e+000 +0.0000000000e+000 +8.2500000000e+000 +4.7222222222e-001 +7.7777777778e+000 +3.9062500000e-001
+7.8787878788e+000 +8.2500000000e+000 +7.8787878788e+000 -3.9062500000e-001 +8.2500000000e+000 +0.0000000000e+000 +8.2500000000e+000 +3.7121212121e-001 +7.8787878788e+000 +3.9062500000e-001
+7.9797979798e+000 +8.2500000000e+000 +7.9797979798e+000 -3.9062500000e-001 +8.2500000000e+000 +0.0000000000e+000 +8.2500000000e+000 +2.7020202020e-001 +7.9797979798e+000 +3.9062500000e-001
+8.0808080808e+000 +8.2500000000e+000 +8.0808080808e+000 -3.9062500000e-001 +8.2500000000e+000 +0.0000000000e+000 +8.2500000000e+000 +1.6919191919e-001 +8.0808080808e+000 +3.9062500000e-001
+8.1818181818e+000 +8.2500000000e+000 +8.1818181818e+000 -3.9062500000e-001 +8.2500000000e+000 +0.0000000000e+000 +8.2500000000e+000 +6.8181818182e-002 +8.1818181818e+000 +3.9062500000e-001
+8.2828282828e+000 +8.2500000000e+000 +8.2828282828e+000 -3.9062500000e-001 +8.2500000000e+000 +0.0000000000e+000 +8.2500000000e+000 -3.2828282828e-002 +8.2828282828e+000 +3.9062500000e-001
+8.3838383838e+000 +8.2500000000e+000 +8.3838383838e+000 -3.9062500000e-001 +8.2500000000e+000 +0.0000000000e+000 +8.2500000000e+000 -1.3383838384e-001 +8.3838383838e+000 +3.9062500000e-001
+8.4848484848e+000 +8.2500000000e+000 +8.4848484848e+000 -3.9062500000e-001 +8.2500000000e+000 +0.0000000000e+000 +8.2500000000e+000 -2.3484848485e-001 +8.4848484848e+000 +3.9062500000e-001
+8.5858585859e+000 +8.2500000000e+000 +8.5858585859e+000 -3.9062500000e-001 +8.2500000000e+000 +0.0000000000e+000 +8.2500000000e+000 -3.3585858586e-001 +8.5858585859e+000 +3.9062500000e-001
+8.6868686869e+000 +8.2500000000e+000 +8.6868686869e+000 -3.9062500000e-001 +8.2500000000e+000 +0.0000000000e+000 +8.2500000000e+000 -4.3686868687e-001 +8.6868686869e+000 +3.9062500000e-001
+8.7878787879e+000 +8.2500000000e+000 +8.7878787879e+000 -3.9062500000e-001 +8.2500000000e+000 +0.0000000000e+000 +8.2500000000e+000 -5.3787878788e-001 +8.7878787879e+000 +3.9062500000e-001
+8.8888888889e+000 +8.2500000000e+000 +8.8888888889e+000 -3.9062500000e-001 +8.2500000000e+000 +0.0000000000e+000 +8.2500000000e+000 -6.3888888889e-001 +8.8888888889e+000 +3.9062500000e-001
+8.9898989899e+000 +8.2500000000e+000 +8.9898989899e+000 -3.9062500000e-001 +8.2500000000e+000 +0.0000000000e+000 +8.2500000000e+000 -7.3989898990e-001 +8.9898989899e+000 +3.9062500000e-001
+9.0909090909e+000 +8.2500000000e+000 +9.0909090909e+000 -3.9062500000e-001 +8.2500000000e+000 +0.0000000000e+000 +8.2500000000e+000 -8.4090909091e-001 +9.0909090909e+000 +3.9062500000e-001
+9.1919191919e+000 +8.2500000000e+000 +9.1919191919e+000 -3.9062500000e-001 +8.2500000000e+000 +0.0000000000e+000 +8.2500000000e+000 -9.4191919192e-001 +9.1919191919e+000 +3.9062500000e-001
+9.2929292929e+000 +8.2500000000e+000 +9.2929292929e+000 -3.9062500000e-001 +8.2500000000e+000 +0.0000000000e+000 +8.2500000000e+000 -1.0429292929e+000 +9.2929292929e+000 +3.9062500000e-001
+9.3939393939e+000 +8.2500000000e+000 +9.3939393939e+000 -3.9062500000e-001 +8.2500000000e+000 +0.0000000000e+000 +8.2500000000e+000 -1.1439393939e+000 +9.3939393939e+000 +3.9062500000e-001
+9.4949494949e+000 +8.2500000000e+000 +9.4949494949e+000 -3.9062500000e-001 +8.2500000000e+000 +0.0000000000e+000 +8.2500000000e+000 -1.2449494949e+000 +9.4949494949e+000 +3.9062500000e-001
+9.5959595960e+000 +8.2500000000e+000 +9.5959595960e+000 -3.9062500000e-001 +8.2500000000e+000 +0.0000000000e+000 +8.2500000000e+000 -1.3459595960e+000 +9.5959595960e+000 +3.9062500000e-001
+9.6969696970e+000 +8.2500000000e+000 +9.6969696970e+000 -3.9062500000e-001 +8.2500000000e+000 +0.0000000000e+000 +8.2500000000e+000 -1.4469696970e+000 +9.6969696970e+000 +3.9062500000e-001
+9.7979797980e+000 +8.2500000000e+000 +9.7979797980e+000 -3.9062500000e-001 +8.2500000000e+000 +0.0000000000e+000 +8.2500000000e+000 -1.5479797980e+000 +9.7979797980e+000 +3.9062500000e-001
+9.8989898990e+000 +8.2500000000e+000 +9.8989898990e+000 -3.9062500000e-001 +8.2500000000e+000 +0.0000000000e+000 +8.2500000000e+000 -1.6489898990e+000 +9.8989898990e+000 +3.9062500000e-001
+1.0000000000e+001 +8.2500000000e+000 +1.0000000000e+001 -3.9062500000e-001 +8.2500000000e+000 +0.0000000000e+000 +8.2500000000e+000 -1.7500000000e+000 +1.0000000000e+001 +3.9062500000e-001


"Vgs=10"
+0.0000000000e+000 +1.0000000000e+001 +0.0000000000e+000 +0.0000000000e+000 +1.0000000000e+001 +0.0000000000e+000 +1.0000000000e+001 +1.0000000000e+001 +0.0000000000e+000 +0.0000000000e+000
+1.0101010101e-001 +1.0000000000e+001 +1.0101010101e-001 -1.6059585757e-002 +1.0000000000e+001 +0.0000000000e+000 +1.0000000000e+001 +9.8989898990e+000 +1.0101010101e-001 +1.6059585757e-002
+2.0202020202e-001 +1.0000000000e+001 +2.0202020202e-001 -3.1915110703e-002 +1.0000000000e+001 +0.0000000000e+000 +1.0000000000e+001 +9.7979797980e+000 +2.0202020202e-001 +3.1915110703e-002
+3.0303030303e-001 +1.0000000000e+001 +3.0303030303e-001 -4.7566574839e-002 +1.0000000000e+001 +0.0000000000e+000 +1.0000000000e+001 +9.6969696970e+000 +3.0303030303e-001 +4.7566574839e-002
+4.0404040404e-001 +1.0000000000e+001 +4.0404040404e-001 -6.3013978165e-002 +1.0000000000e+001 +0.0000000000e+000 +1.0000000000e+001 +9.5959595960e+000 +4.0404040404e-001 +6.3013978165e-002
+5.0505050505e-001 +1.0000000000e+001 +5.0505050505e-001 -7.8257320682e-002 +1.0000000000e+001 +0.0000000000e+000 +1.0000000000e+001 +9.4949494949e+000 +5.0505050505e-001 +7.8257320682e-002
+6.0606060606e-001 +1.0000000000e+001 +6.0606060606e-001 -9.3296602388e-002 +1.0000000000e+001 +0.0000000000e+000 +1.0000000000e+001 +9.3939393939e+000 +6.0606060606e-001 +9.3296602388e-002
+7.0707070707e-001 +1.0000000000e+001 +7.0707070707e-001 -1.0813182328e-001 +1.0000000000e+001 +0.0000000000e+000 +1.0000000000e+001 +9.2929292929e+000 +7.0707070707e-001 +1.0813182328e-001
+8.0808080808e-001 +1.0000000000e+001 +8.0808080808e-001 -1.2276298337e-001 +1.0000000000e+001 +0.0000000000e+000 +1.0000000000e+001 +9.1919191919e+000 +8.0808080808e-001 +1.2276298337e-001
+9.0909090909e-001 +1.0000000000e+001 +9.0909090909e-001 -1.3719008264e-001 +1.0000000000e+001 +0.0000000000e+000 +1.0000000000e+001 +9.0909090909e+000 +9.0909090909e-001 +1.3719008264e-001
+1.0101010101e+000 +1.0000000000e+001 +1.0101010101e+000 -1.5141312111e-001 +1.0000000000e+001 +0.0000000000e+000 +1.0000000000e+001 +8.9898989899e+000 +1.0101010101e+000 +1.5141312111e-001
+1.1111111111e+000 +1.0000000000e+001 +1.1111111111e+000 -1.6543209877e-001 +1.0000000000e+001 +0.0000000000e+000 +1.0000000000e+001 +8.8888888889e+000 +1.1111111111e+000 +1.6543209877e-001
+1.2121212121e+000 +1.0000000000e+001 +1.2121212121e+000 -1.7924701561e-001 +1.0000000000e+001 +0.0000000000e+000 +1.0000000000e+001 +8.7878787879e+000 +1.2121212121e+000 +1.7924701561e-001
+1.3131313131e+000 +1.0000000000e+001 +1.3131313131e+000 -1.9285787165e-001 +1.0000000000e+001 +0.0000000000e+000 +1.0000000000e+001 +8.6868686869e+000 +1.3131313131e+000 +1.9285787165e-001
+1.4141414141e+000 +1.0000000000e+001 +1.4141414141e+000 -2.0626466687e-001 +1.0000000000e+001 +0.0000000000e+000 +1.0000000000e+001 +8.5858585859e+000 +1.4141414141e+000 +2.0626466687e-001
+1.5151515152e+000 +1.0000000000e+001 +1.5151515152e+000 -2.1946740129e-001 +1.0000000000e+001 +0.0000000000e+000 +1.0000000000e+001 +8.4848484848e+000 +1.5151515152e+000 +2.1946740129e-001
+1.6161616162e+000 +1.0000000000e+001 +1.6161616162e+000 -2.3246607489e-001 +1.0000000000e+001 +0.0000000000e+000 +1.0000000000e+001 +8.3838383838e+000 +1.6161616162e+000 +2.3246607489e-001
+1.7171717172e+000 +1.0000000000e+001 +1.7171717172e+000 -2.4526068768e-001 +1.0000000000e+001 +0.0000000000e+000 +1.0000000000e+001 +8.2828282828e+000 +1.7171717172e+000 +2.4526068768e-001
+1.8181818182e+000 +1.0000000000e+001 +1.8181818182e+000 -2.5785123967e-001 +1.0000000000e+001 +0.0000000000e+000 +1.0000000000e+001 +8.1818181818e+000 +1.8181818182e+000 +2.5785123967e-001
+1.9191919192e+000 +1.0000000000e+001 +1.9191919192e+000 -2.7023773084e-001 +1.0000000000e+001 +0.0000000000e+000 +1.0000000000e+001 +8.0808080808e+000 +1.9191919192e+000 +2.7023773084e-001
+2.0202020202e+000 +1.0000000000e+001 +2.0202020202e+000 -2.8242016121e-001 +1.0000000000e+001 +0.0000000000e+000 +1.0000000000e+001 +7.9797979798e+000 +2.0202020202e+000 +2.8242016121e-001
+2.1212121212e+000 +1.0000000000e+001 +2.1212121212e+000 -2.9439853076e-001 +1.0000000000e+001 +0.0000000000e+000 +1.0000000000e+001 +7.8787878788e+000 +2.1212121212e+000 +2.9439853076e-001
+2.2222222222e+000 +1.0000000000e+001 +2.2222222222e+000 -3.0617283951e-001 +1.0000000000e+001 +0.0000000000e+000 +1.0000000000e+001 +7.7777777778e+000 +2.2222222222e+000 +3.0617283951e-001
+2.3232323232e+000 +1.0000000000e+001 +2.3232323232e+000 -3.1774308744e-001 +1.0000000000e+001 +0.0000000000e+000 +1.0000000000e+001 +7.6767676768e+000 +2.3232323232e+000 +3.1774308744e-001
+2.4242424242e+000 +1.0000000000e+001 +2.4242424242e+000 -3.2910927456e-001 +1.0000000000e+001 +0.0000000000e+000 +1.0000000000e+001 +7.5757575758e+000 +2.4242424242e+000 +3.2910927456e-001
+2.5252525253e+000 +1.0000000000e+001 +2.5252525253e+000 -3.4027140088e-001 +1.0000000000e+001 +0.0000000000e+000 +1.0000000000e+001 +7.4747474747e+000 +2.5252525253e+000 +3.4027140088e-001
+2.6262626263e+000 +1.0000000000e+001 +2.6262626263e+000 -3.5122946638e-001 +1.0000000000e+001 +0.0000000000e+000 +1.0000000000e+001 +7.3737373737e+000 +2.6262626263e+000 +3.5122946638e-001
+2.7272727273e+000 +1.0000000000e+001 +2.7272727273e+000 -3.6198347107e-001 +1.0000000000e+001 +0.0000000000e+000 +1.0000000000e+001 +7.2727272727e+000 +2.7272727273e+000 +3.6198347107e-001
+2.8282828283e+000 +1.0000000000e+001 +2.8282828283e+000 -3.7253341496e-001 +1.0000000000e+001 +0.0000000000e+000 +1.0000000000e+001 +7.1717171717e+000 +2.8282828283e+000 +3.7253341496e-001
+2.9292929293e+000 +1.0000000000e+001 +2.9292929293e+000 -3.8287929803e-001 +1.0000000000e+001 +0.0000000000e+000 +1.0000000000e+001 +7.0707070707e+000 +2.9292929293e+000 +3.8287929803e-001
+3.0303030303e+000 +1.0000000000e+001 +3.0303030303e+000 -3.9302112029e-001 +1.0000000000e+001 +0.0000000000e+000 +1.0000000000e+001 +6.9696969697e+000 +3.0303030303e+000 +3.9302112029e-001
+3.1313131313e+000 +1.0000000000e+001 +3.1313131313e+000 -4.0295888175e-001 +1.0000000000e+001 +0.0000000000e+000 +1.0000000000e+001 +6.8686868687e+000 +3.1313131313e+000 +4.0295888175e-001
+3.2323232323e+000 +1.0000000000e+001 +3.2323232323e+000 -4.1269258239e-001 +1.0000000000e+001 +0.0000000000e+000 +1.0000000000e+001 +6.7676767677e+000 +3.2323232323e+000 +4.1269258239e-001
+3.3333333333e+000 +1.0000000000e+001 +3.3333333333e+000 -4.2222222222e-001 +1.0000000000e+001 +0.0000000000e+000 +1.0000000000e+001 +6.6666666667e+000 +3.3333333333e+000 +4.2222222222e-001
+3.4343434343e+000 +1.0000000000e+001 +3.4343434343e+000 -4.3154780124e-001 +1.0000000000e+001 +0.0000000000e+000 +1.0000000000e+001 +6.5656565657e+000 +3.4343434343e+000 +4.3154780124e-001
+3.5353535354e+000 +1.0000000000e+001 +3.5353535354e+000 -4.4066931946e-001 +1.0000000000e+001 +0.0000000000e+000 +1.0000000000e+001 +6.4646464646e+000 +3.5353535354e+000 +4.4066931946e-001
+3.6363636364e+000 +1.0000000000e+001 +3.6363636364e+000 -4.4958677686e-001 +1.0000000000e+001 +0.0000000000e+000 +1.0000000000e+001 +6.3636363636e+000 +3.6363636364e+000 +4.4958677686e-001
+3.7373737374e+000 +1.0000000000e+001 +3.7373737374e+000 -4.5830017345e-001 +1.0000000000e+001 +0.0000000000e+000 +1.0000000000e+001 +6.2626262626e+000 +3.7373737374e+000 +4.5830017345e-001
+3.8383838384e+000 +1.0000000000e+001 +3.8383838384e+000 -4.6680950923e-001 +1.0000000000e+001 +0.0000000000e+000 +1.0000000000e+001 +6.1616161616e+000 +3.8383838384e+000 +4.6680950923e-001
+3.9393939394e+000 +1.0000000000e+001 +3.9393939394e+000 -4.7511478421e-001 +1.0000000000e+001 +0.0000000000e+000 +1.0000000000e+001 +6.0606060606e+000 +3.9393939394e+000 +4.7511478421e-001
+4.0404040404e+000 +1.0000000000e+001 +4.0404040404e+000 -4.8321599837e-001 +1.0000000000e+001 +0.0000000000e+000 +1.0000000000e+001 +5.9595959596e+000 +4.0404040404e+000 +4.8321599837e-001
+4.1414141414e+000 +1.0000000000e+001 +4.1414141414e+000 -4.9111315172e-001 +1.0000000000e+001 +0.0000000000e+000 +1.0000000000e+001 +5.8585858586e+000 +4.1414141414e+000 +4.9111315172e-001
+4.2424242424e+000 +1.0000000000e+001 +4.2424242424e+000 -4.9880624426e-001 +1.0000000000e+001 +0.0000000000e+000 +1.0000000000e+001 +5.7575757576e+000 +4.2424242424e+000 +4.9880624426e-001
+4.3434343434e+000 +1.0000000000e+001 +4.3434343434e+000 -5.0629527599e-001 +1.0000000000e+001 +0.0000000000e+000 +1.0000000000e+001 +5.6565656566e+000 +4.3434343434e+000 +5.0629527599e-001
+4.4444444444e+000 +1.0000000000e+001 +4.4444444444e+000 -5.1358024691e-001 +1.0000000000e+001 +0.0000000000e+000 +1.0000000000e+001 +5.5555555556e+000 +4.4444444444e+000 +5.1358024691e-001
+4.5454545455e+000 +1.0000000000e+001 +4.5454545455e+000 -5.2066115702e-001 +1.0000000000e+001 +0.0000000000e+000 +1.0000000000e+001 +5.4545454545e+000 +4.5454545455e+000 +5.2066115702e-001
+4.6464646465e+000 +1.0000000000e+001 +4.6464646465e+000 -5.2753800633e-001 +1.0000000000e+001 +0.0000000000e+000 +1.0000000000e+001 +5.3535353535e+000 +4.6464646465e+000 +5.2753800633e-001
+4.7474747475e+000 +1.0000000000e+001 +4.7474747475e+000 -5.3421079482e-001 +1.0000000000e+001 +0.0000000000e+000 +1.0000000000e+001 +5.2525252525e+000 +4.7474747475e+000 +5.3421079482e-001
+4.8484848485e+000 +1.0000000000e+001 +4.8484848485e+000 -5.4067952250e-001 +1.0000000000e+001 +0.0000000000e+000 +1.0000000000e+001 +5.1515151515e+000 +4.8484848485e+000 +5.4067952250e-001
+4.9494949495e+000 +1.0000000000e+001 +4.9494949495e+000 -5.4694418937e-001 +1.0000000000e+001 +0.0000000000e+000 +1.0000000000e+001 +5.0505050505e+000 +4.9494949495e+000 +5.4694418937e-001
+5.0505050505e+000 +1.0000000000e+001 +5.0505050505e+000 -5.5300479543e-001 +1.0000000000e+001 +0.0000000000e+000 +1.0000000000e+001 +4.9494949495e+000 +5.0505050505e+000 +5.5300479543e-001
+5.1515151515e+000 +1.0000000000e+001 +5.1515151515e+000 -5.5886134068e-001 +1.0000000000e+001 +0.0000000000e+000 +1.0000000000e+001 +4.8484848485e+000 +5.1515151515e+000 +5.5886134068e-001
+5.2525252525e+000 +1.0000000000e+001 +5.2525252525e+000 -5.6451382512e-001 +1.0000000000e+001 +0.0000000000e+000 +1.0000000000e+001 +4.7474747475e+000 +5.2525252525e+000 +5.6451382512e-001
+5.3535353535e+000 +1.0000000000e+001 +5.3535353535e+000 -5.6996224875e-001 +1.0000000000e+001 +0.0000000000e+000 +1.0000000000e+001 +4.6464646465e+000 +5.3535353535e+000 +5.6996224875e-001
+5.4545454545e+000 +1.0000000000e+001 +5.4545454545e+000 -5.7520661157e-001 +1.0000000000e+001 +0.0000000000e+000 +1.0000000000e+001 +4.5454545455e+000 +5.4545454545e+000 +5.7520661157e-001
+5.5555555556e+000 +1.0000000000e+001 +5.5555555556e+000 -5.8024691358e-001 +1.0000000000e+001 +0.0000000000e+000 +1.0000000000e+001 +4.4444444444e+000 +5.5555555556e+000 +5.8024691358e-001
+5.6565656566e+000 +1.0000000000e+001 +5.6565656566e+000 -5.8508315478e-001 +1.0000000000e+001 +0.0000000000e+000 +1.0000000000e+001 +4.3434343434e+000 +5.6565656566e+000 +5.8508315478e-001
+5.7575757576e+000 +1.0000000000e+001 +5.7575757576e+000 -5.8971533517e-001 +1.0000000000e+001 +0.0000000000e+000 +1.0000000000e+001 +4.2424242424e+000 +5.7575757576e+000 +5.8971533517e-001
+5.8585858586e+000 +1.0000000000e+001 +5.8585858586e+000 -5.9414345475e-001 +1.0000000000e+001 +0.0000000000e+000 +1.0000000000e+001 +4.1414141414e+000 +5.8585858586e+000 +5.9414345475e-001
+5.9595959596e+000 +1.0000000000e+001 +5.9595959596e+000 -5.9836751352e-001 +1.0000000000e+001 +0.0000000000e+000 +1.0000000000e+001 +4.0404040404e+000 +5.9595959596e+000 +5.9836751352e-001
+6.0606060606e+000 +1.0000000000e+001 +6.0606060606e+000 -6.0238751148e-001 +1.0000000000e+001 +0.0000000000e+000 +1.0000000000e+001 +3.9393939394e+000 +6.0606060606e+000 +6.0238751148e-001
+6.1616161616e+000 +1.0000000000e+001 +6.1616161616e+000 -6.0620344863e-001 +1.0000000000e+001 +0.0000000000e+000 +1.0000000000e+001 +3.8383838384e+000 +6.1616161616e+000 +6.0620344863e-001
+6.2626262626e+000 +1.0000000000e+001 +6.2626262626e+000 -6.0981532497e-001 +1.0000000000e+001 +0.0000000000e+000 +1.0000000000e+001 +3.7373737374e+000 +6.2626262626e+000 +6.0981532497e-001
+6.3636363636e+000 +1.0000000000e+001 +6.3636363636e+000 -6.1322314050e-001 +1.0000000000e+001 +0.0000000000e+000 +1.0000000000e+001 +3.6363636364e+000 +6.3636363636e+000 +6.1322314050e-001
+6.4646464646e+000 +1.0000000000e+001 +6.4646464646e+000 -6.1642689521e-001 +1.0000000000e+001 +0.0000000000e+000 +1.0000000000e+001 +3.5353535354e+000 +6.4646464646e+000 +6.1642689521e-001
+6.5656565657e+000 +1.0000000000e+001 +6.5656565657e+000 -6.1942658912e-001 +1.0000000000e+001 +0.0000000000e+000 +1.0000000000e+001 +3.4343434343e+000 +6.5656565657e+000 +6.1942658912e-001
+6.6666666667e+000 +1.0000000000e+001 +6.6666666667e+000 -6.2222222222e-001 +1.0000000000e+001 +0.0000000000e+000 +1.0000000000e+001 +3.3333333333e+000 +6.6666666667e+000 +6.2222222222e-001
+6.7676767677e+000 +1.0000000000e+001 +6.7676767677e+000 -6.2481379451e-001 +1.0000000000e+001 +0.0000000000e+000 +1.0000000000e+001 +3.2323232323e+000 +6.7676767677e+000 +6.2481379451e-001
+6.8686868687e+000 +1.0000000000e+001 +6.8686868687e+000 -6.2720130599e-001 +1.0000000000e+001 +0.0000000000e+000 +1.0000000000e+001 +3.1313131313e+000 +6.8686868687e+000 +6.2720130599e-001
+6.9696969697e+000 +1.0000000000e+001 +6.9696969697e+000 -6.2938475666e-001 +1.0000000000e+001 +0.0000000000e+000 +1.0000000000e+001 +3.0303030303e+000 +6.9696969697e+000 +6.2938475666e-001
+7.0707070707e+000 +1.0000000000e+001 +7.0707070707e+000 -6.3136414652e-001 +1.0000000000e+001 +0.0000000000e+000 +1.0000000000e+001 +2.9292929293e+000 +7.0707070707e+000 +6.3136414652e-001
+7.1717171717e+000 +1.0000000000e+001 +7.1717171717e+000 -6.3313947556e-001 +1.0000000000e+001 +0.0000000000e+000 +1.0000000000e+001 +2.8282828283e+000 +7.1717171717e+000 +6.3313947556e-001
+7.2727272727e+000 +1.0000000000e+001 +7.2727272727e+000 -6.3471074380e-001 +1.0000000000e+001 +0.0000000000e+000 +1.0000000000e+001 +2.7272727273e+000 +7.2727272727e+000 +6.3471074380e-001
+7.3737373737e+000 +1.0000000000e+001 +7.3737373737e+000 -6.3607795123e-001 +1.0000000000e+001 +0.0000000000e+000 +1.0000000000e+001 +2.6262626263e+000 +7.3737373737e+000 +6.3607795123e-001
+7.4747474747e+000 +1.0000000000e+001 +7.4747474747e+000 -6.3724109785e-001 +1.0000000000e+001 +0.0000000000e+000 +1.0000000000e+001 +2.5252525253e+000 +7.4747474747e+000 +6.3724109785e-001
+7.5757575758e+000 +1.0000000000e+001 +7.5757575758e+000 -6.3820018365e-001 +1.0000000000e+001 +0.0000000000e+000 +1.0000000000e+001 +2.4242424242e+000 +7.5757575758e+000 +6.3820018365e-001
+7.6767676768e+000 +1.0000000000e+001 +7.6767676768e+000 -6.3895520865e-001 +1.0000000000e+001 +0.0000000000e+000 +1.0000000000e+001 +2.3232323232e+000 +7.6767676768e+000 +6.3895520865e-001
+7.7777777778e+000 +1.0000000000e+001 +7.7777777778e+000 -6.3950617284e-001 +1.0000000000e+001 +0.0000000000e+000 +1.0000000000e+001 +2.2222222222e+000 +7.7777777778e+000 +6.3950617284e-001
+7.8787878788e+000 +1.0000000000e+001 +7.8787878788e+000 -6.3985307622e-001 +1.0000000000e+001 +0.0000000000e+000 +1.0000000000e+001 +2.1212121212e+000 +7.8787878788e+000 +6.3985307622e-001
+7.9797979798e+000 +1.0000000000e+001 +7.9797979798e+000 -6.3999591878e-001 +1.0000000000e+001 +0.0000000000e+000 +1.0000000000e+001 +2.0202020202e+000 +7.9797979798e+000 +6.3999591878e-001
+8.0808080808e+000 +1.0000000000e+001 +8.0808080808e+000 -6.4000000000e-001 +1.0000000000e+001 +0.0000000000e+000 +1.0000000000e+001 +1.9191919192e+000 +8.0808080808e+000 +6.4000000000e-001
+8.1818181818e+000 +1.0000000000e+001 +8.1818181818e+000 -6.4000000000e-001 +1.0000000000e+001 +0.0000000000e+000 +1.0000000000e+001 +1.8181818182e+000 +8.1818181818e+000 +6.4000000000e-001
+8.2828282828e+000 +1.0000000000e+001 +8.2828282828e+000 -6.4000000000e-001 +1.0000000000e+001 +0.0000000000e+000 +1.0000000000e+001 +1.7171717172e+000 +8.2828282828e+000 +6.4000000000e-001
+8.3838383838e+000 +1.0000000000e+001 +8.3838383838e+000 -6.4000000000e-001 +1.0000000000e+001 +0.0000000000e+000 +1.0000000000e+001 +1.6161616162e+000 +8.3838383838e+000 +6.4000000000e-001
+8.4848484848e+000 +1.0000000000e+001 +8.4848484848e+000 -6.4000000000e-001 +1.0000000000e+001 +0.0000000000e+000 +1.0000000000e+001 +1.5151515152e+000 +8.4848484848e+000 +6.4000000000e-001
+8.5858585859e+000 +1.0000000000e+001 +8.5858585859e+000 -6.4000000000e-001 +1.0000000000e+001 +0.0000000000e+000 +1.0000000000e+001 +1.4141414141e+000 +8.5858585859e+000 +6.4000000000e-001
+8.6868686869e+000 +1.0000000000e+001 +8.6868686869e+000 -6.4000000000e-001 +1.0000000000e+001 +0.0000000000e+000 +1.0000000000e+001 +1.3131313131e+000 +8.6868686869e+000 +6.4000000000e-001
+8.7878787879e+000 +1.0000000000e+001 +8.7878787879e+000 -6.4000000000e-001 +1.0000000000e+001 +0.0000000000e+000 +1.0000000000e+001 +1.2121212121e+000 +8.7878787879e+000 +6.4000000000e-001
+8.8888888889e+000 +1.0000000000e+001 +8.8888888889e+000 -6.4000000000e-001 +1.0000000000e+001 +0.0000000000e+000 +1.0000000000e+001 +1.1111111111e+000 +8.8888888889e+000 +6.4000000000e-001
+8.9898989899e+000 +1.0000000000e+001 +8.9898989899e+000 -6.4000000000e-001 +1.0000000000e+001 +0.0000000000e+000 +1.0000000000e+001 +1.0101010101e+000 +8.9898989899e+000 +6.4000000000e-001
+9.0909090909e+000 +1.0000000000e+001 +9.0909090909e+000 -6.4000000000e-001 +1.0000000000e+001 +0.0000000000e+000 +1.0000000000e+001 +9.0909090909e-001 +9.0909090909e+000 +6.4000000000e-001
+9.1919191919e+000 +1.0000000000e+001 +9.1919191919e+000 -6.4000000000e-001 +1.0000000000e+001 +0.0000000000e+000 +1.0000000000e+001 +8.0808080808e-001 +9.1919191919e+000 +6.4000000000e-001
+9.2929292929e+000 +1.0000000000e+001 +9.2929292929e+000 -6.4000000000e-001 +1.0000000000e+001 +0.0000000000e+000 +1.0000000000e+001 +7.0707070707e-001 +9.2929292929e+000 +6.4000000000e-001
+9.3939393939e+000 +1.0000000000e+001 +9.3939393939e+000 -6.4000000000e-001 +1.0000000000e+001 +0.0000000000e+000 +1.0000000000e+001 +6.0606060606e-001 +9.3939393939e+000 +6.4000000000e-001
+9.4949494949e+000 +1.0000000000e+001 +9.4949494949e+000 -6.4000000000e-001 +1.0000000000e+001 +0.0000000000e+000 +1.0000000000e+001 +5.0505050505e-001 +9.4949494949e+000 +6.4000000000e-001
+9.5959595960e+000 +1.0000000000e+001 +9.5959595960e+000 -6.4000000000e-001 +1.0000000000e+001 +0.0000000000e+000 +1.0000000000e+001 +4.0404040404e-001 +9.5959595960e+000 +6.4000000000e-001
+9.6969696970e+000 +1.0000000000e+001 +9.6969696970e+000 -6.4000000000e-001 +1.0000000000e+001 +0.0000000000e+000 +1.0000000000e+001 +3.0303030303e-001 +9.6969696970e+000 +6.4000000000e-001
+9.7979797980e+000 +1.0000000000e+001 +9.7979797980e+000 -6.4000000000e-001 +1.0000000000e+001 +0.0000000000e+000 +1.0000000000e+001 +2.0202020202e-001 +9.7979797980e+000 +6.4000000000e-001
+9.8989898990e+000 +1.0000000000e+001 +9.8989898990e+000 -6.4000000000e-001 +1.0000000000e+001 +0.0000000000e+000 +1.0000000000e+001 +1.0101010101e-001 +9.8989898990e+000 +6.4000000000e-001
+1.0000000000e+001 +1.0000000000e+001 +1.0000000000e+001 -6.4000000000e-001 +1.0000000000e+001 +0.0000000000e+000 +1.0000000000e+001 +0.0000000000e+000 +1.0000000000e+001 +6.4000000000e-001