2.0000000000e+0 1.0000000000e+1
2.0202020202e+0 9.9995918784e+0
2.0404040404e+0 9.9983675135e+0
2.0606060606e+0 9.9963269054e+0
2.0808080808e+0 9.9934700541e+0
2.1010101010e+0 9.9897969595e+0
2.1212121212e+0 9.9853076217e+0
2.1414141414e+0 9.9800020406e+0
2.1616161616e+0 9.9738802163e+0
2.1818181818e+0 9.9669421488e+0
2.2020202020e+0 9.9591878380e+0
2.2222222222e+0 9.9506172840e+0
2.2424242424e+0 9.9412304867e+0
2.2626262626e+0 9.9310274462e+0
2.2828282828e+0 9.9200081624e+0
2.3030303030e+0 9.9081726354e+0
2.3232323232e+0 9.8955208652e+0
2.3434343434e+0 9.8820528517e+0
2.3636363636e+0 9.8677685950e+0
2.3838383838e+0 9.8526680951e+0
2.4040404040e+0 9.8367513519e+0
2.4242424242e+0 9.8200183655e+0
2.4444444444e+0 9.8024691358e+0
2.4646464646e+0 9.7841036629e+0
2.4848484848e+0 9.7649219467e+0
2.5050505051e+0 9.7449239873e+0
2.5252525253e+0 9.7241097847e+0
2.5454545455e+0 9.7024793388e+0
2.5656565657e+0 9.6800326497e+0
2.5858585859e+0 9.6567697174e+0
2.6060606061e+0 9.6326905418e+0
2.6262626263e+0 9.6077951229e+0
2.6464646465e+0 9.5820834609e+0
2.6666666667e+0 9.5555555556e+0
2.6868686869e+0 9.5282114070e+0
2.7070707071e+0 9.5000510152e+0
2.7272727273e+0 9.4710743802e+0
2.7474747475e+0 9.4412815019e+0
2.7676767677e+0 9.4106723804e+0
2.7878787879e+0 9.3792470156e+0
2.8080808081e+0 9.3470054076e+0
2.8282828283e+0 9.3139475564e+0
2.8484848485e+0 9.2800734619e+0
2.8686868687e+0 9.2453831242e+0
2.8888888889e+0 9.2098765432e+0
2.9090909091e+0 9.1735537190e+0
2.9292929293e+0 9.1364146516e+0
2.9494949495e+0 9.0984593409e+0
2.9696969697e+0 9.0596877870e+0
2.9898989899e+0 9.0200999898e+0
3.0101010101e+0 8.9796959494e+0
3.0303030303e+0 8.9384756657e+0
3.0505050505e+0 8.8964391389e+0
3.0707070707e+0 8.8535863687e+0
3.0909090909e+0 8.8099173554e+0
3.1111111111e+0 8.7654320988e+0
3.1313131313e+0 8.7201305989e+0
3.1515151515e+0 8.6740128558e+0
3.1717171717e+0 8.6270788695e+0
3.1919191919e+0 8.5793286399e+0
3.2121212121e+0 8.5307621671e+0
3.2323232323e+0 8.4813794511e+0
3.2525252525e+0 8.4311804918e+0
3.2727272727e+0 8.3801652893e+0
3.2929292929e+0 8.3283338435e+0
3.3131313131e+0 8.2756861545e+0
3.3333333333e+0 8.2222222222e+0
3.3535353535e+0 8.1679420467e+0
3.3737373737e+0 8.1128456280e+0
3.3939393939e+0 8.0569329660e+0
3.4141414141e+0 8.0002040608e+0
3.4343434343e+0 7.9426589124e+0
3.4545454545e+0 7.8842975207e+0
3.4747474747e+0 7.8251198857e+0
3.4949494949e+0 7.7651260076e+0
3.5151515152e+0 7.7043158861e+0
3.5353535354e+0 7.6426895215e+0
3.5555555556e+0 7.5802469136e+0
3.5757575758e+0 7.5169880624e+0
3.5959595960e+0 7.4529129681e+0
3.6161616162e+0 7.3880216304e+0
3.6363636364e+0 7.3223140496e+0
3.6565656566e+0 7.2557902255e+0
3.6767676768e+0 7.1884501581e+0
3.6969696970e+0 7.1202938476e+0
3.7171717172e+0 7.0513212937e+0
3.7373737374e+0 6.9815324967e+0
3.7575757576e+0 6.9109274564e+0
3.7777777778e+0 6.8395061728e+0
3.7979797980e+0 6.7672686461e+0
3.8181818182e+0 6.6942148760e+0
3.8383838384e+0 6.6203448628e+0
3.8585858586e+0 6.5456586063e+0
3.8787878788e+0 6.4701561065e+0
3.8989898990e+0 6.3938373635e+0
3.9191919192e+0 6.3167023773e+0
3.9393939394e+0 6.2387511478e+0
3.9595959596e+0 6.1599836751e+0
3.9797979798e+0 6.0803999592e+0
4.0000000000e+0 6.0000000000e+0

2.0000000000e+0 1.0000000000e+1
2.0202020202e+0 9.9987302883e+0
2.0404040404e+0 9.9949211532e+0
2.0606060606e+0 9.9885725946e+0
2.0808080808e+0 9.9796846127e+0
2.1010101010e+0 9.9682572073e+0
2.1212121212e+0 9.9542903785e+0
2.1414141414e+0 9.9377841263e+0
2.1616161616e+0 9.9187384507e+0
2.1818181818e+0 9.8971533517e+0
2.2020202020e+0 9.8730288293e+0
2.2222222222e+0 9.8463648834e+0
2.2424242424e+0 9.8171615141e+0
2.2626262626e+0 9.7854187214e+0
2.2828282828e+0 9.7511365053e+0
2.3030303030e+0 9.7143148658e+0
2.3232323232e+0 9.6749538029e+0
2.3434343434e+0 9.6330533166e+0
2.3636363636e+0 9.5886134068e+0
2.3838383838e+0 9.5416340736e+0
2.4040404040e+0 9.4921153170e+0
2.4242424242e+0 9.4400571370e+0
2.4444444444e+0 9.3854595336e+0
2.4646464646e+0 9.3283225068e+0
2.4848484848e+0 9.2686460565e+0
2.5050505051e+0 9.2064301829e+0
2.5252525253e+0 9.1416748858e+0
2.5454545455e+0 9.0743801653e+0
2.5656565657e+0 9.0045460214e+0
2.5858585859e+0 8.9321724541e+0
2.6060606061e+0 8.8572594633e+0
2.6262626263e+0 8.7798070492e+0
2.6464646465e+0 8.6998152116e+0
2.6666666667e+0 8.6172839506e+0
2.6868686869e+0 8.5322132662e+0
2.7070707071e+0 8.4446031584e+0
2.7272727273e+0 8.3544536272e+0
2.7474747475e+0 8.2617646725e+0
2.7676767677e+0 8.1665362945e+0
2.7878787879e+0 8.0687684930e+0
2.8080808081e+0 7.9684612681e+0
2.8282828283e+0 7.8656146198e+0
2.8484848485e+0 7.7602285481e+0
2.8686868687e+0 7.6523030530e+0
2.8888888889e+0 7.5418381344e+0
2.9090909091e+0 7.4288337925e+0
2.9292929293e+0 7.3132900271e+0
2.9494949495e+0 7.1952068383e+0
2.9696969697e+0 7.0745842261e+0
2.9898989899e+0 6.9514221905e+0
3.0101010101e+0 6.8257207314e+0
3.0303030303e+0 6.6974798490e+0
3.0505050505e+0 6.5666995431e+0
3.0707070707e+0 6.4333798139e+0
3.0909090909e+0 6.2975206612e+0
3.1111111111e+0 6.1591220850e+0
3.1313131313e+0 6.0181840855e+0
3.1515151515e+0 5.8747066626e+0
3.1717171717e+0 5.7286898162e+0
3.1919191919e+0 5.5801335465e+0
3.2121212121e+0 5.4290378533e+0
3.2323232323e+0 5.2754027367e+0
3.2525252525e+0 5.1192281967e+0
3.2727272727e+0 4.9605142332e+0
3.2929292929e+0 4.7992608464e+0
3.3131313131e+0 4.6354680361e+0
3.3333333333e+0 4.4691358025e+0
3.3535353535e+0 4.3002641454e+0
3.3737373737e+0 4.1288530649e+0
3.3939393939e+0 3.9549025610e+0
3.4141414141e+0 3.7784126336e+0
3.4343434343e+0 3.5993832829e+0
3.4545454545e+0 3.4178145087e+0
3.4747474747e+0 3.2337063111e+0
3.4949494949e+0 3.0470586902e+0
3.5151515152e+0 2.8578716458e+0
3.5353535354e+0 2.6661451779e+0
3.5555555556e+0 2.4718792867e+0
3.5757575758e+0 2.2750739720e+0
3.5959595960e+0 2.0757292340e+0
3.6161616162e+0 1.8738450725e+0
3.6363636364e+0 1.6694214876e+0
3.6565656566e+0 1.5202602869e+0
3.6767676768e+0 1.4349212680e+0
3.6969696970e+0 1.3711615623e+0
3.7171717172e+0 1.3191641285e+0
3.7373737374e+0 1.2748284453e+0
3.7575757576e+0 1.2359767926e+0
3.7777777778e+0 1.2012907572e+0
3.7979797980e+0 1.1698995609e+0
3.8181818182e+0 1.1411944411e+0
3.8383838384e+0 1.1147296513e+0
3.8585858586e+0 1.0901675600e+0
3.8787878788e+0 1.0672453225e+0
3.8989898990e+0 1.0457536832e+0
3.9191919192e+0 1.0255229161e+0
3.9393939394e+0 1.0064131711e+0
3.9595959596e+0 9.8830764808e-1
3.9797979798e+0 9.7110764922e-1
4.0000000000e+0 9.5472891455e-1

2.0000000000e+0 1.0000000000e+1
2.0202020202e+0 9.9978686982e+0
2.0404040404e+0 9.9914747928e+0
2.0606060606e+0 9.9808182838e+0
2.0808080808e+0 9.9658991713e+0
2.1010101010e+0 9.9467174551e+0
2.1212121212e+0 9.9232731354e+0
2.1414141414e+0 9.8955662121e+0
2.1616161616e+0 9.8635966851e+0
2.1818181818e+0 9.8273645546e+0
2.2020202020e+0 9.7868698205e+0
2.2222222222e+0 9.7421124829e+0
2.2424242424e+0 9.6930925416e+0
2.2626262626e+0 9.6398099967e+0
2.2828282828e+0 9.5822648483e+0
2.3030303030e+0 9.5204570962e+0
2.3232323232e+0 9.4543867406e+0
2.3434343434e+0 9.3840537814e+0
2.3636363636e+0 9.3094582185e+0
2.3838383838e+0 9.2306000521e+0
2.4040404040e+0 9.1474792822e+0
2.4242424242e+0 9.0600959086e+0
2.4444444444e+0 8.9684499314e+0
2.4646464646e+0 8.8725413507e+0
2.4848484848e+0 8.7723701663e+0
2.5050505051e+0 8.6679363784e+0
2.5252525253e+0 8.5592399868e+0
2.5454545455e+0 8.4462809917e+0
2.5656565657e+0 8.3290593930e+0
2.5858585859e+0 8.2075751907e+0
2.6060606061e+0 8.0818283849e+0
2.6262626263e+0 7.9518189754e+0
2.6464646465e+0 7.8175469623e+0
2.6666666667e+0 7.6790123457e+0
2.6868686869e+0 7.5362151254e+0
2.7070707071e+0 7.3891553016e+0
2.7272727273e+0 7.2378328742e+0
2.7474747475e+0 7.0822478432e+0
2.7676767677e+0 6.9224002086e+0
2.7878787879e+0 6.7582899704e+0
2.8080808081e+0 6.5899171286e+0
2.8282828283e+0 6.4172816833e+0
2.8484848485e+0 6.2403836343e+0
2.8686868687e+0 6.0592229818e+0
2.8888888889e+0 5.8737997257e+0
2.9090909091e+0 5.6841138659e+0
2.9292929293e+0 5.4901654026e+0
2.9494949495e+0 5.2919543357e+0
2.9696969697e+0 5.0894806652e+0
2.9898989899e+0 4.8827443912e+0
3.0101010101e+0 4.6717455135e+0
3.0303030303e+0 4.4564840322e+0
3.0505050505e+0 4.2369599474e+0
3.0707070707e+0 4.0131732590e+0
3.0909090909e+0 3.7851239669e+0
3.1111111111e+0 3.5528120713e+0
3.1313131313e+0 3.3162375721e+0
3.1515151515e+0 3.0754004693e+0
3.1717171717e+0 2.8303007630e+0
3.1919191919e+0 2.5809384530e+0
3.2121212121e+0 2.3273135394e+0
3.2323232323e+0 2.0694260223e+0
3.2525252525e+0 1.8072759016e+0
3.2727272727e+0 1.5408631772e+0
3.2929292929e+0 1.2723907469e+0
3.3131313131e+0 1.1442291550e+0
3.3333333333e+0 1.0721881640e+0
3.3535353535e+0 1.0185604186e+0
3.3737373737e+0 9.7502893067e-1
3.3939393939e+0 9.3808183959e-1
3.4141414141e+0 9.0584768171e-1
3.4343434343e+0 8.7718993498e-1
3.4545454545e+0 8.5135814349e-1
3.4747474747e+0 8.2782659774e-1
3.4949494949e+0 8.0621044895e-1
3.5151515152e+0 7.8621872130e-1
3.5353535354e+0 7.6762396998e-1
3.5555555556e+0 7.5024593519e-1
3.5757575758e+0 7.3393829781e-1
3.5959595960e+0 7.1858057286e-1
3.6161616162e+0 7.0407220708e-1
3.6363636364e+0 6.9032829927e-1
3.6565656566e+0 6.7727642998e-1
3.6767676768e+0 6.6485426866e-1
3.6969696970e+0 6.5300773764e-1
3.7171717172e+0 6.4168958247e-1
3.7373737374e+0 6.3085824423e-1
3.7575757576e+0 6.2047695930e-1
3.7777777778e+0 6.1051303313e-1
3.7979797980e+0 6.0093724871e-1
3.8181818182e+0 5.9172338041e-1
3.8383838384e+0 5.8284779125e-1
3.8585858586e+0 5.7428909673e-1
3.8787878788e+0 5.6602788232e-1
3.8989898990e+0 5.5804657370e-1
3.9191919192e+0 5.5032884191e-1
3.9393939394e+0 5.4285996443e-1
3.9595959596e+0 5.3562634781e-1
3.9797979798e+0 5.2861547453e-1
4.0000000000e+0 5.2181579100e-1

2.0000000000e+0 1.0000000000e+1
2.0202020202e+0 9.9970071081e+0
2.0404040404e+0 9.9880284325e+0
2.0606060606e+0 9.9730639731e+0
2.0808080808e+0 9.9521137299e+0
2.1010101010e+0 9.9251777030e+0
2.1212121212e+0 9.8922558923e+0
2.1414141414e+0 9.8533482978e+0
2.1616161616e+0 9.8084549196e+0
2.1818181818e+0 9.7575757576e+0
2.2020202020e+0 9.7007108118e+0
2.2222222222e+0 9.6378600823e+0
2.2424242424e+0 9.5690235690e+0
2.2626262626e+0 9.4942012720e+0
2.2828282828e+0 9.4133931912e+0
2.3030303030e+0 9.3265993266e+0
2.3232323232e+0 9.2338196783e+0
2.3434343434e+0 9.1350542462e+0
2.3636363636e+0 9.0303030303e+0
2.3838383838e+0 8.9195660307e+0
2.4040404040e+0 8.8028432473e+0
2.4242424242e+0 8.6801346801e+0
2.4444444444e+0 8.5514403292e+0
2.4646464646e+0 8.4167601945e+0
2.4848484848e+0 8.2760942761e+0
2.5050505051e+0 8.1294425739e+0
2.5252525253e+0 7.9768050879e+0
2.5454545455e+0 7.8181818182e+0
2.5656565657e+0 7.6535727647e+0
2.5858585859e+0 7.4829779274e+0
2.6060606061e+0 7.3063973064e+0
2.6262626263e+0 7.1238309016e+0
2.6464646465e+0 6.9352787131e+0
2.6666666667e+0 6.7407407407e+0
2.6868686869e+0 6.5402169847e+0
2.7070707071e+0 6.3337074448e+0
2.7272727273e+0 6.1212121212e+0
2.7474747475e+0 5.9027310138e+0
2.7676767677e+0 5.6782641227e+0
2.7878787879e+0 5.4478114478e+0
2.8080808081e+0 5.2113729892e+0
2.8282828283e+0 4.9689487467e+0
2.8484848485e+0 4.7205387205e+0
2.8686868687e+0 4.4661429106e+0
2.8888888889e+0 4.2057613169e+0
2.9090909091e+0 3.9393939394e+0
2.9292929293e+0 3.6670407782e+0
2.9494949495e+0 3.3887018331e+0
2.9696969697e+0 3.1043771044e+0
2.9898989899e+0 2.8140665918e+0
3.0101010101e+0 2.5177702955e+0
3.0303030303e+0 2.2154882155e+0
3.0505050505e+0 1.9072203517e+0
3.0707070707e+0 1.5929667041e+0
3.0909090909e+0 1.2727272727e+0
3.1111111111e+0 1.0146857276e+0
3.1313131313e+0 9.2535666988e-1
3.1515151515e+0 8.6752608183e-1
3.1717171717e+0 8.2310990417e-1
3.1919191919e+0 7.8658416792e-1
3.2121212121e+0 7.5538442127e-1
3.2323232323e+0 7.2807399415e-1
3.2525252525e+0 7.0375423379e-1
3.2727272727e+0 6.8181818181e-1
3.2929292929e+0 6.6183499027e-1
3.3131313131e+0 6.4348550699e-1
3.3333333333e+0 6.2652588922e-1
3.3535353535e+0 6.1076504376e-1
3.3737373737e+0 5.9605005584e-1
3.3939393939e+0 5.8225640290e-1
3.4141414141e+0 5.6928116457e-1
3.4343434343e+0 5.5703818011e-1
3.4545454545e+0 5.4545451221e-1
3.4747474747e+0 5.3446781133e-1
3.4949494949e+0 5.2402431569e-1
3.5151515152e+0 5.1407747957e-1
3.5353535354e+0 5.0458618892e-1
3.5555555556e+0 4.9551456984e-1
3.5757575758e+0 4.8683077012e-1
3.5959595960e+0 4.7850644391e-1
3.6161616162e+0 4.7051624682e-1
3.6363636364e+0 4.6283742003e-1
3.6565656566e+0 4.5544944512e-1
3.6767676768e+0 4.4833375530e-1
3.6969696970e+0 4.4147349243e-1
3.7171717172e+0 4.3485330114e-1
3.7373737374e+0 4.2845915347e-1
3.7575757576e+0 4.2227819867e-1
3.7777777778e+0 4.1629863389e-1
3.7979797980e+0 4.1050959239e-1
3.8181818182e+0 4.0490104640e-1
3.8383838384e+0 3.9946372241e-1
3.8585858586e+0 3.9418902698e-1
3.8787878788e+0 3.8906898157e-1
3.8989898990e+0 3.8409616502e-1
3.9191919192e+0 3.7926366273e-1
3.9393939394e+0 3.7456502147e-1
3.9595959596e+0 3.6999420922e-1
3.9797979798e+0 3.6554557929e-1
4.0000000000e+0 3.6121383824e-1

2.0000000000e+0 1.0000000000e+1
2.0202020202e+0 9.9961455180e+0
2.0404040404e+0 9.9845820721e+0
2.0606060606e+0 9.9653096623e+0
2.0808080808e+0 9.9383282885e+0
2.1010101010e+0 9.9036379508e+0
2.1212121212e+0 9.8612386491e+0
2.1414141414e+0 9.8111303835e+0
2.1616161616e+0 9.7533131540e+0
2.1818181818e+0 9.6877869605e+0
2.2020202020e+0 9.6145518031e+0
2.2222222222e+0 9.5336076818e+0
2.2424242424e+0 9.4449545965e+0
2.2626262626e+0 9.3485925472e+0
2.2828282828e+0 9.2445215341e+0
2.3030303030e+0 9.1327415570e+0
2.3232323232e+0 9.0132526159e+0
2.3434343434e+0 8.8860547110e+0
2.3636363636e+0 8.7511478421e+0
2.3838383838e+0 8.6085320092e+0
2.4040404040e+0 8.4582072124e+0
2.4242424242e+0 8.3001734517e+0
2.4444444444e+0 8.1344307270e+0
2.4646464646e+0 7.9609790384e+0
2.4848484848e+0 7.7798183859e+0
2.5050505051e+0 7.5909487694e+0
2.5252525253e+0 7.3943701890e+0
2.5454545455e+0 7.1900826446e+0
2.5656565657e+0 6.9780861363e+0
2.5858585859e+0 6.7583806641e+0
2.6060606061e+0 6.5309662279e+0
2.6262626263e+0 6.2958428278e+0
2.6464646465e+0 6.0530104638e+0
2.6666666667e+0 5.8024691358e+0
2.6868686869e+0 5.5442188439e+0
2.7070707071e+0 5.2782595880e+0
2.7272727273e+0 5.0045913682e+0
2.7474747475e+0 4.7232141845e+0
2.7676767677e+0 4.4341280368e+0
2.7878787879e+0 4.1373329252e+0
2.8080808081e+0 3.8328288497e+0
2.8282828283e+0 3.5206158102e+0
2.8484848485e+0 3.2006938068e+0
2.8686868687e+0 2.8730628394e+0
2.8888888889e+0 2.5377229081e+0
2.9090909091e+0 2.1946740129e+0
2.9292929293e+0 1.8439161537e+0
2.9494949495e+0 1.4854493306e+0
2.9696969697e+0 1.1192735435e+0
2.9898989899e+0 8.7345278992e-1
3.0101010101e+0 7.9614302767e-1
3.0303030303e+0 7.4472613800e-1
3.0505050505e+0 7.0498660541e-1
3.0707070707e+0 6.7224811007e-1
3.0909090909e+0 6.4428054775e-1
3.1111111111e+0 6.1981502422e-1
3.1313131313e+0 5.9805064334e-1
3.1515151515e+0 5.7844393418e-1
3.1717171717e+0 5.6060673673e-1
3.1919191919e+0 5.4425076605e-1
3.2121212121e+0 5.2915523501e-1
3.2323232323e+0 5.1514680505e-1
3.2525252525e+0 5.0208657699e-1
3.2727272727e+0 4.8986146922e-1
3.2929292929e+0 4.7837765041e-1
3.3131313131e+0 4.6755675939e-1
3.3333333333e+0 4.5733237645e-1
3.3535353535e+0 4.4764771314e-1
3.3737373737e+0 4.3845380036e-1
3.3939393939e+0 4.2970808964e-1
3.4141414141e+0 4.2137335842e-1
3.4343434343e+0 4.1341684232e-1
3.4545454545e+0 4.0580953977e-1
3.4747474747e+0 3.9852564889e-1
3.4949494949e+0 3.9154210736e-1
3.5151515152e+0 3.8483821319e-1
3.5353535354e+0 3.7839530970e-1
3.5555555556e+0 3.7219652199e-1
3.5757575758e+0 3.6622653508e-1
3.5959595960e+0 3.6047140584e-1
3.6161616162e+0 3.5491840279e-1
3.6363636364e+0 3.4955586887e-1
3.6565656566e+0 3.4437310319e-1
3.6767676768e+0 3.3936025893e-1
3.6969696970e+0 3.3450825445e-1
3.7171717172e+0 3.2980869590e-1
3.7373737374e+0 3.2525380936e-1
3.7575757576e+0 3.2083641828e-1
3.7777777778e+0 3.1654975629e-1
3.7979797980e+0 3.1238760652e-1
3.8181818182e+0 3.0834414539e-1
3.8383838384e+0 3.0441393278e-1
3.8585858586e+0 3.0059187921e-1
3.8787878788e+0 2.9687321650e-1
3.8989898990e+0 2.9325347148e-1
3.9191919192e+0 2.8972844232e-1
3.9393939394e+0 2.8629417717e-1
3.9595959596e+0 2.8294695494e-1
3.9797979798e+0 2.7968326782e-1
4.0000000000e+0 2.7649980546e-1

2.0000000000e+0 1.0000000000e+1
2.0202020202e+0 9.9952839279e+0
2.0404040404e+0 9.9811357118e+0
2.0606060606e+0 9.9575553515e+0
2.0808080808e+0 9.9245428471e+0
2.1010101010e+0 9.8820981986e+0
2.1212121212e+0 9.8302214060e+0
2.1414141414e+0 9.7689124692e+0
2.1616161616e+0 9.6981713884e+0
2.1818181818e+0 9.6179981635e+0
2.2020202020e+0 9.5283927944e+0
2.2222222222e+0 9.4293552812e+0
2.2424242424e+0 9.3208856239e+0
2.2626262626e+0 9.2029838225e+0
2.2828282828e+0 9.0756498770e+0
2.3030303030e+0 8.9388837874e+0
2.3232323232e+0 8.7926855536e+0
2.3434343434e+0 8.6370551758e+0
2.3636363636e+0 8.4719926538e+0
2.3838383838e+0 8.2974979877e+0
2.4040404040e+0 8.1135711775e+0
2.4242424242e+0 7.9202122232e+0
2.4444444444e+0 7.7174211248e+0
2.4646464646e+0 7.5051978823e+0
2.4848484848e+0 7.2835424957e+0
2.5050505051e+0 7.0524549649e+0
2.5252525253e+0 6.8119352900e+0
2.5454545455e+0 6.5619834711e+0
2.5656565657e+0 6.3025995080e+0
2.5858585859e+0 6.0337834008e+0
2.6060606061e+0 5.7555351495e+0
2.6262626263e+0 5.4678547540e+0
2.6464646465e+0 5.1707422145e+0
2.6666666667e+0 4.8641975309e+0
2.6868686869e+0 4.5482207031e+0
2.7070707071e+0 4.2228117312e+0
2.7272727273e+0 3.8879706152e+0
2.7474747475e+0 3.5436973551e+0
2.7676767677e+0 3.1899919509e+0
2.7878787879e+0 2.8268544026e+0
2.8080808081e+0 2.4542847102e+0
2.8282828283e+0 2.0722828736e+0
2.8484848485e+0 1.6808488930e+0
2.8686868687e+0 1.2799827682e+0
2.8888888889e+0 8.7270940212e-1
2.9090909091e+0 7.4838614137e-1
2.9292929293e+0 6.8885008644e-1
2.9494949495e+0 6.4607101153e-1
2.9696969697e+0 6.1207231438e-1
2.9898989899e+0 5.8366632209e-1
3.0101010101e+0 5.5919997756e-1
3.0303030303e+0 5.3768721228e-1
3.0505050505e+0 5.1848516393e-1
3.0707070707e+0 5.0114793606e-1
3.0909090909e+0 4.8535175532e-1
3.1111111111e+0 4.7085307403e-1
3.1313131313e+0 4.5746374572e-1
3.1515151515e+0 4.4503435410e-1
3.1717171717e+0 4.3344475750e-1
3.1919191919e+0 4.2259638226e-1
3.2121212121e+0 4.1240731807e-1
3.2323232323e+0 4.0280868887e-1
3.2525252525e+0 3.9374197506e-1
3.2727272727e+0 3.8515699961e-1
3.2929292929e+0 3.7701038799e-1
3.3131313131e+0 3.6926437255e-1
3.3333333333e+0 3.6188585218e-1
3.3535353535e+0 3.5484564373e-1
3.3737373737e+0 3.4811787955e-1
3.3939393939e+0 3.4167951811e-1
3.4141414141e+0 3.3550994264e-1
3.4343434343e+0 3.2959062941e-1
3.4545454545e+0 3.2390487150e-1
3.4747474747e+0 3.1843754710e-1
3.4949494949e+0 3.1317492398e-1
3.5151515152e+0 3.0810454354e-1
3.5353535354e+0 3.0321490103e-1
3.5555555556e+0 2.9849556571e-1
3.5757575758e+0 2.9393692849e-1
3.5959595960e+0 2.8953014517e-1
3.6161616162e+0 2.8526705744e-1
3.6363636364e+0 2.8114012387e-1
3.6565656566e+0 2.7714235948e-1
3.6767676768e+0 2.7326728251e-1
3.6969696970e+0 2.6950886745e-1
3.7171717172e+0 2.6586150348e-1
3.7373737374e+0 2.6231995751e-1
3.7575757576e+0 2.5887934130e-1
3.7777777778e+0 2.5553508206e-1
3.7979797980e+0 2.5228289617e-1
3.8181818182e+0 2.4911876550e-1
3.8383838384e+0 2.4603891622e-1
3.8585858586e+0 2.4303979959e-1
3.8787878788e+0 2.4011807468e-1
3.8989898990e+0 2.3727059261e-1
3.9191919192e+0 2.3449438240e-1
3.9393939394e+0 2.3178663795e-1
3.9595959596e+0 2.2914470631e-1
3.9797979798e+0 2.2656607688e-1
4.0000000000e+0 2.2404837162e-1

2.0000000000e+0 1.0000000000e+1
2.0202020202e+0 9.9944223379e+0
2.0404040404e+0 9.9776893514e+0
2.0606060606e+0 9.9498010407e+0
2.0808080808e+0 9.9107574057e+0
2.1010101010e+0 9.8605584464e+0
2.1212121212e+0 9.7992041628e+0
2.1414141414e+0 9.7266945550e+0
2.1616161616e+0 9.6430296228e+0
2.1818181818e+0 9.5482093664e+0
2.2020202020e+0 9.4422337857e+0
2.2222222222e+0 9.3251028807e+0
2.2424242424e+0 9.1968166514e+0
2.2626262626e+0 9.0573750978e+0
2.2828282828e+0 8.9067782199e+0
2.3030303030e+0 8.7450260178e+0
2.3232323232e+0 8.5721184913e+0
2.3434343434e+0 8.3880556406e+0
2.3636363636e+0 8.1928374656e+0
2.3838383838e+0 7.9864639663e+0
2.4040404040e+0 7.7689351427e+0
2.4242424242e+0 7.5402509948e+0
2.4444444444e+0 7.3004115226e+0
2.4646464646e+0 7.0494167262e+0
2.4848484848e+0 6.7872666054e+0
2.5050505051e+0 6.5139611604e+0
2.5252525253e+0 6.2295003911e+0
2.5454545455e+0 5.9338842975e+0
2.5656565657e+0 5.6271128796e+0
2.5858585859e+0 5.3091861375e+0
2.6060606061e+0 4.9801040710e+0
2.6262626263e+0 4.6398666803e+0
2.6464646465e+0 4.2884739652e+0
2.6666666667e+0 3.9259259259e+0
2.6868686869e+0 3.5522225623e+0
2.7070707071e+0 3.1673638744e+0
2.7272727273e+0 2.7713498623e+0
2.7474747475e+0 2.3641805258e+0
2.7676767677e+0 1.9458558650e+0
2.7878787879e+0 1.5163758800e+0
2.8080808081e+0 1.0757405707e+0
2.8282828283e+0 7.3723717687e-1
2.8484848485e+0 6.5782152363e-1
2.8686868687e+0 6.0894379187e-1
2.8888888889e+0 5.7221050183e-1
2.9090909091e+0 5.4244395981e-1
2.9292929293e+0 5.1730994515e-1
2.9494949495e+0 4.9552239217e-1
2.9696969697e+0 4.7628531209e-1
2.9898989899e+0 4.5906660760e-1
3.0101010101e+0 4.4349067592e-1
3.0303030303e+0 4.2928073248e-1
3.0505050505e+0 4.1622660286e-1
3.0707070707e+0 4.0416426688e-1
3.0909090909e+0 3.9296301906e-1
3.1111111111e+0 3.8251683386e-1
3.1313131313e+0 3.7273839835e-1
3.1515151515e+0 3.6355487117e-1
3.1717171717e+0 3.5490479556e-1
3.1919191919e+0 3.4673580508e-1
3.2121212121e+0 3.3900288746e-1
3.2323232323e+0 3.3166704942e-1
3.2525252525e+0 3.2469427526e-1
3.2727272727e+0 3.1805470410e-1
3.2929292929e+0 3.1172197231e-1
3.3131313131e+0 3.0567268262e-1
3.3333333333e+0 2.9988602431e-1
3.3535353535e+0 2.9434323404e-1
3.3737373737e+0 2.8902754530e-1
3.3939393939e+0 2.8392379550e-1
3.4141414141e+0 2.7901825262e-1
3.4343434343e+0 2.7429844032e-1
3.4545454545e+0 2.6975298923e-1
3.4747474747e+0 2.6537150974e-1
3.4949494949e+0 2.6114448270e-1
3.5151515152e+0 2.5706316504e-1
3.5353535354e+0 2.5311950794e-1
3.5555555556e+0 2.4930608549e-1
3.5757575758e+0 2.4561603242e-1
3.5959595960e+0 2.4204298940e-1
3.6161616162e+0 2.3858105487e-1
3.6363636364e+0 2.3522474250e-1
3.6565656566e+0 2.3196894352e-1
3.6767676768e+0 2.2880889317e-1
3.6969696970e+0 2.2574014085e-1
3.7171717172e+0 2.2275852345e-1
3.7373737374e+0 2.1986014139e-1
3.7575757576e+0 2.1704133716e-1
3.7777777778e+0 2.1429867600e-1
3.7979797980e+0 2.1162892840e-1
3.8181818182e+0 2.0902905441e-1
3.8383838384e+0 2.0649618925e-1
3.8585858586e+0 2.0402763042e-1
3.8787878788e+0 2.0162082583e-1
3.8989898990e+0 1.9927336312e-1
3.9191919192e+0 1.9698295979e-1
3.9393939394e+0 1.9474745426e-1
3.9595959596e+0 1.9256479765e-1
3.9797979798e+0 1.9043304625e-1
4.0000000000e+0 1.8835035461e-1

2.0000000000e+0 1.0000000000e+1
2.0202020202e+0 9.9935607478e+0
2.0404040404e+0 9.9742429911e+0
2.0606060606e+0 9.9420467299e+0
2.0808080808e+0 9.8969719643e+0
2.1010101010e+0 9.8390186942e+0
2.1212121212e+0 9.7681869197e+0
2.1414141414e+0 9.6844766407e+0
2.1616161616e+0 9.5878878572e+0
2.1818181818e+0 9.4784205693e+0
2.2020202020e+0 9.3560747770e+0
2.2222222222e+0 9.2208504801e+0
2.2424242424e+0 9.0727476788e+0
2.2626262626e+0 8.9117663730e+0
2.2828282828e+0 8.7379065628e+0
2.3030303030e+0 8.5511682481e+0
2.3232323232e+0 8.3515514290e+0
2.3434343434e+0 8.1390561054e+0
2.3636363636e+0 7.9136822773e+0
2.3838383838e+0 7.6754299448e+0
2.4040404040e+0 7.4242991078e+0
2.4242424242e+0 7.1602897664e+0
2.4444444444e+0 6.8834019204e+0
2.4646464646e+0 6.5936355701e+0
2.4848484848e+0 6.2909907152e+0
2.5050505051e+0 5.9754673559e+0
2.5252525253e+0 5.6470654922e+0
2.5454545455e+0 5.3057851240e+0
2.5656565657e+0 4.9516262513e+0
2.5858585859e+0 4.5845888742e+0
2.6060606061e+0 4.2046729926e+0
2.6262626263e+0 3.8118786065e+0
2.6464646465e+0 3.4062057160e+0
2.6666666667e+0 2.9876543210e+0
2.6868686869e+0 2.5562244215e+0
2.7070707071e+0 2.1119160176e+0
2.7272727273e+0 1.6547291093e+0
2.7474747475e+0 1.1846636964e+0
2.7676767677e+0 7.2736244208e-1
2.7878787879e+0 6.2491433171e-1
2.8080808081e+0 5.7253977981e-1
2.8282828283e+0 5.3477965626e-1
2.8484848485e+0 5.0480158169e-1
2.8686868687e+0 4.7981078971e-1
2.8888888889e+0 4.5834212843e-1
2.9090909091e+0 4.3951639024e-1
2.9292929293e+0 4.2275854061e-1
2.9494949495e+0 4.0766842571e-1
2.9696969697e+0 3.9395536272e-1
2.9898989899e+0 3.8140045920e-1
3.0101010101e+0 3.6983431800e-1
3.0303030303e+0 3.5912285676e-1
3.0505050505e+0 3.4915793732e-1
3.0707070707e+0 3.3985095298e-1
3.0909090909e+0 3.3112830915e-1
3.1111111111e+0 3.2292815730e-1
3.1313131313e+0 3.1519798316e-1
3.1515151515e+0 3.0789279157e-1
3.1717171717e+0 3.0097371761e-1
3.1919191919e+0 2.9440699617e-1
3.2121212121e+0 2.8816295273e-1
3.2323232323e+0 2.8221553723e-1
3.2525252525e+0 2.7654165665e-1
3.2727272727e+0 2.7112076114e-1
3.2929292929e+0 2.6593448185e-1
3.3131313131e+0 2.6096633166e-1
3.3333333333e+0 2.5620145593e-1
3.3535353535e+0 2.5162642355e-1
3.3737373737e+0 2.4722905065e-1
3.3939393939e+0 2.4299825093e-1
3.4141414141e+0 2.3892390794e-1
3.4343434343e+0 2.3499676554e-1
3.4545454545e+0 2.3120833348e-1
3.4747474747e+0 2.2755080558e-1
3.4949494949e+0 2.2401698868e-1
3.5151515152e+0 2.2060024057e-1
3.5353535354e+0 2.1729441560e-1
3.5555555556e+0 2.1409381687e-1
3.5757575758e+0 2.1099315403e-1
3.5959595960e+0 2.0798750593e-1
3.6161616162e+0 2.0507228752e-1
3.6363636364e+0 2.0224322027e-1
3.6565656566e+0 1.9949630588e-1
3.6767676768e+0 1.9682780270e-1
3.6969696970e+0 1.9423420452e-1
3.7171717172e+0 1.9171222162e-1
3.7373737374e+0 1.8925876357e-1
3.7575757576e+0 1.8687092377e-1
3.7777777778e+0 1.8454596542e-1
3.7979797980e+0 1.8228130880e-1
3.8181818182e+0 1.8007453182e-1
3.8383838384e+0 1.7792331487e-1
3.8585858586e+0 1.7582549355e-1
3.8787878788e+0 1.7377901100e-1
3.8989898990e+0 1.7178191905e-1
3.9191919192e+0 1.6983237087e-1
3.9393939394e+0 1.6792861427e-1
3.9595959596e+0 1.6606898544e-1
3.9797979798e+0 1.6425190332e-1
4.0000000000e+0 1.6247586434e-1

2.0000000000e+0 1.0000000000e+1
2.0202020202e+0 9.9926991577e+0
2.0404040404e+0 9.9707966307e+0
2.0606060606e+0 9.9342924191e+0
2.0808080808e+0 9.8831865229e+0
2.1010101010e+0 9.8174789421e+0
2.1212121212e+0 9.7371696766e+0
2.1414141414e+0 9.6422587264e+0
2.1616161616e+0 9.5327460917e+0
2.1818181818e+0 9.4086317723e+0
2.2020202020e+0 9.2699157682e+0
2.2222222222e+0 9.1165980796e+0
2.2424242424e+0 8.9486787063e+0
2.2626262626e+0 8.7661576483e+0
2.2828282828e+0 8.5690349057e+0
2.3030303030e+0 8.3573104785e+0
2.3232323232e+0 8.1309843667e+0
2.3434343434e+0 7.8900565702e+0
2.3636363636e+0 7.6345270891e+0
2.3838383838e+0 7.3643959233e+0
2.4040404040e+0 7.0796630729e+0
2.4242424242e+0 6.7803285379e+0
2.4444444444e+0 6.4663923182e+0
2.4646464646e+0 6.1378544139e+0
2.4848484848e+0 5.7947148250e+0
2.5050505051e+0 5.4369735515e+0
2.5252525253e+0 5.0646305933e+0
2.5454545455e+0 4.6776859504e+0
2.5656565657e+0 4.2761396229e+0
2.5858585859e+0 3.8599916108e+0
2.6060606061e+0 3.4292419141e+0
2.6262626263e+0 2.9838905327e+0
2.6464646465e+0 2.5239374667e+0
2.6666666667e+0 2.0493827160e+0
2.6868686869e+0 1.5602262808e+0
2.7070707071e+0 1.0564681608e+0
2.7272727273e+0 6.4866025235e-1
2.7474747475e+0 5.6980936394e-1
2.7676767677e+0 5.2356782652e-1
2.7878787879e+0 4.8937710074e-1
2.8080808081e+0 4.6194313057e-1
2.8282828283e+0 4.3894546693e-1
2.8484848485e+0 4.1912508010e-1
2.8686868687e+0 4.0171090188e-1
2.8888888889e+0 3.8619062792e-1
2.9090909091e+0 3.7220492819e-1
2.9292929293e+0 3.5949044051e-1
2.9494949495e+0 3.4784774939e-1
2.9696969697e+0 3.3712181875e-1
2.9898989899e+0 3.2718947887e-1
3.0101010101e+0 3.1795109295e-1
3.0303030303e+0 3.0932481727e-1
3.0505050505e+0 3.0124253385e-1
3.0707070707e+0 2.9364689734e-1
3.0909090909e+0 2.8648920193e-1
3.1111111111e+0 2.7972754525e-1
3.1313131313e+0 2.7332579368e-1
3.1515151515e+0 2.6725245787e-1
3.1717171717e+0 2.6147994407e-1
3.1919191919e+0 2.5598393256e-1
3.2121212121e+0 2.5074287648e-1
3.2323232323e+0 2.4573759393e-1
3.2525252525e+0 2.4095093303e-1
3.2727272727e+0 2.3636749478e-1
3.2929292929e+0 2.3197340195e-1
3.3131313131e+0 2.2775610514e-1
3.3333333333e+0 2.2370421897e-1
3.3535353535e+0 2.1980738289e-1
3.3737373737e+0 2.1605614233e-1
3.3939393939e+0 2.1244184664e-1
3.4141414141e+0 2.0895656107e-1
3.4343434343e+0 2.0559299054e-1
3.4545454545e+0 2.0234441325e-1
3.4747474747e+0 1.9920462278e-1
3.4949494949e+0 1.9616787726e-1
3.5151515152e+0 1.9322885471e-1
3.5353535354e+0 1.9038261361e-1
3.5555555556e+0 1.8762455794e-1
3.5757575758e+0 1.8495040621e-1
3.5959595960e+0 1.8235616382e-1
3.6161616162e+0 1.7983809845e-1
3.6363636364e+0 1.7739273087e-1
3.6565656566e+0 1.7501676795e-1
3.6767676768e+0 1.7270715018e-1
3.6969696970e+0 1.7046099514e-1
3.7171717172e+0 1.6827559244e-1
3.7373737374e+0 1.6614839059e-1
3.7575757576e+0 1.6407698512e-1
3.7777777778e+0 1.6205910772e-1
3.7979797980e+0 1.6009261644e-1
3.8181818182e+0 1.5817548665e-1
3.8383838384e+0 1.5630580288e-1
3.8585858586e+0 1.5448175132e-1
3.8787878788e+0 1.5270161289e-1
3.8989898990e+0 1.5096375700e-1
3.9191919192e+0 1.4926663570e-1
3.9393939394e+0 1.4760877834e-1
3.9595959596e+0 1.4598878671e-1
3.9797979798e+0 1.4440533045e-1
4.0000000000e+0 1.4285714286e-1

2.0000000000e+0 1.0000000000e+1
2.0202020202e+0 9.9918375676e+0
2.0404040404e+0 9.9673502704e+0
2.0606060606e+0 9.9265381084e+0
2.0808080808e+0 9.8694010815e+0
2.1010101010e+0 9.7959391899e+0
2.1212121212e+0 9.7061524334e+0
2.1414141414e+0 9.6000408122e+0
2.1616161616e+0 9.4776043261e+0
2.1818181818e+0 9.3388429752e+0
2.2020202020e+0 9.1837567595e+0
2.2222222222e+0 9.0123456790e+0
2.2424242424e+0 8.8246097337e+0
2.2626262626e+0 8.6205489236e+0
2.2828282828e+0 8.4001632486e+0
2.3030303030e+0 8.1634527089e+0
2.3232323232e+0 7.9104173044e+0
2.3434343434e+0 7.6410570350e+0
2.3636363636e+0 7.3553719008e+0
2.3838383838e+0 7.0533619018e+0
2.4040404040e+0 6.7350270381e+0
2.4242424242e+0 6.4003673095e+0
2.4444444444e+0 6.0493827160e+0
2.4646464646e+0 5.6820732578e+0
2.4848484848e+0 5.2984389348e+0
2.5050505051e+0 4.8984797470e+0
2.5252525253e+0 4.4821956943e+0
2.5454545455e+0 4.0495867769e+0
2.5656565657e+0 3.6006529946e+0
2.5858585859e+0 3.1353943475e+0
2.6060606061e+0 2.6538108356e+0
2.6262626263e+0 2.1559024589e+0
2.6464646465e+0 1.6416692174e+0
2.6666666667e+0 1.1111111111e+0
2.6868686869e+0 6.2966754701e-1
2.7070707071e+0 5.4252512888e-1
2.7272727273e+0 4.9553500858e-1
2.7474747475e+0 4.6148079912e-1
2.7676767677e+0 4.3443597337e-1
2.7878787879e+0 4.1191495229e-1
2.8080808081e+0 3.9259967024e-1
2.8282828283e+0 3.7569348057e-1
2.8484848485e+0 3.6067320612e-1
2.8686868687e+0 3.4717408810e-1
2.8888888889e+0 3.3493042616e-1
2.9090909091e+0 3.2374196988e-1
2.9292929293e+0 3.1345363716e-1
2.9494949495e+0 3.0394262810e-1
2.9696969697e+0 2.9510988897e-1
2.9898989899e+0 2.8687425927e-1
3.0101010101e+0 2.7916840655e-1
3.0303030303e+0 2.7193562878e-1
3.0505050505e+0 2.6512790765e-1
3.0707070707e+0 2.5870409294e-1
3.0909090909e+0 2.5262866186e-1
3.1111111111e+0 2.4687072922e-1
3.1313131313e+0 2.4140326818e-1
3.1515151515e+0 2.3620248982e-1
3.1717171717e+0 2.3124734355e-1
3.1919191919e+0 2.2651911130e-1
3.2121212121e+0 2.2200107464e-1
3.2323232323e+0 2.1767823973e-1
3.2525252525e+0 2.1353710832e-1
3.2727272727e+0 2.0956548574e-1
3.2929292929e+0 2.0575231886e-1
3.3131313131e+0 2.0208755868e-1
3.3333333333e+0 1.9856204302e-1
3.3535353535e+0 1.9516739588e-1
3.3737373737e+0 1.9189594080e-1
3.3939393939e+0 1.8874062577e-1
3.4141414141e+0 1.8569495802e-1
3.4343434343e+0 1.8275294712e-1
3.4545454545e+0 1.7990905506e-1
3.4747474747e+0 1.7715815247e-1
3.4949494949e+0 1.7449549455e-1
3.5151515152e+0 1.7191663414e-1
3.5353535354e+0 1.6941746375e-1
3.5555555556e+0 1.6699414401e-1
3.5757575758e+0 1.6464308995e-1
3.5959595960e+0 1.6236094940e-1
3.6161616162e+0 1.6014458373e-1
3.6363636364e+0 1.5799105040e-1
3.6565656566e+0 1.5589758738e-1
3.6767676768e+0 1.5386159897e-1
3.6969696970e+0 1.5188064304e-1
3.7171717172e+0 1.4995241943e-1
3.7373737374e+0 1.4807475943e-1
3.7575757576e+0 1.4624561622e-1
3.7777777778e+0 1.4446305613e-1
3.7979797980e+0 1.4272525064e-1
3.8181818182e+0 1.4103046919e-1
3.8383838384e+0 1.3937707240e-1
3.8585858586e+0 1.3776350603e-1
3.8787878788e+0 1.3618829533e-1
3.8989898990e+0 1.3465003987e-1
3.9191919192e+0 1.3314740879e-1
3.9393939394e+0 1.3167913639e-1
3.9595959596e+0 1.3024401812e-1
3.9797979798e+0 1.2884090678e-1
4.0000000000e+0 1.2746870908e-1
